0.029	-0.006
0.029	-0.003
0.029	-0.003
0.028	-0.002
0.028	-0.003
0.024	-0.004
0.023	-0.007
0.02	-0.008
0.016	-0.009
0.014	-0.01
0.01	-0.011
0.008	-0.014
0.004	-0.015
0.001	-0.016
-0.001	-0.013
-0.004	-0.011
-0.006	-0.01
-0.007	-0.009
-0.009	-0.008
-0.011	-0.009
-0.012	-0.009
-0.014	-0.01
-0.015	-0.011
-0.016	-0.012
-0.017	-0.014
-0.019	-0.015
-0.019	-0.014
-0.02	-0.014
-0.021	-0.016
-0.022	-0.014
-0.02	-0.015
-0.019	-0.014
-0.019	-0.015
-0.02	-0.016
-0.021	-0.019
-0.023	-0.02
-0.024	-0.021
-0.024	-0.021
-0.026	-0.021
-0.025	-0.021
-0.024	-0.022
-0.026	-0.021
-0.026	-0.022
-0.028	-0.022
-0.028	-0.021
-0.028	-0.02
-0.027	-0.021
-0.027	-0.022
-0.028	-0.022
-0.028	-0.021
-0.028	-0.02
-0.027	-0.019
-0.028	-0.018
-0.028	-0.017
-0.028	-0.017
-0.027	-0.018
-0.027	-0.018
-0.026	-0.018
-0.026	-0.019
-0.025	-0.021
-0.025	-0.021
-0.024	-0.023
-0.023	-0.022
-0.023	-0.022
-0.021	-0.019
-0.019	-0.016
-0.018	-0.016
-0.019	-0.016
-0.018	-0.017
-0.02	-0.017
-0.02	-0.017
-0.021	-0.017
-0.022	-0.018
-0.024	-0.018
-0.024	-0.017
-0.024	-0.017
-0.024	-0.018
-0.025	-0.019
-0.027	-0.019
-0.028	-0.019
-0.029	-0.019
-0.029	-0.02
-0.031	-0.02
-0.032	-0.02
-0.032	-0.021
-0.033	-0.02
-0.032	-0.02
-0.032	-0.018
-0.03	-0.018
-0.03	-0.016
-0.028	-0.016
-0.029	-0.013
-0.028	-0.013
-0.027	-0.012
-0.027	-0.009
-0.026	-0.008
-0.025	-0.005
-0.024	-0.005
-0.025	-0.003
-0.025	-0.004
-0.027	-0.004
-0.027	-0.006
-0.028	-0.005
-0.028	-0.005
-0.027	-0.004
-0.026	-0.003
-0.025	-0.002
-0.026	0.001
-0.025	0.003
-0.025	0.005
-0.025	0.005
-0.026	0.005
-0.025	0.004
-0.024	0.004
-0.024	0.002
-0.023	0.0
-0.022	-0.002
-0.02	-0.008
-0.02	-0.012
-0.019	-0.015
-0.018	-0.018
-0.016	-0.023
-0.015	-0.024
-0.013	-0.025
-0.011	-0.026
-0.009	-0.027
-0.007	-0.029
-0.005	-0.034
-0.004	-0.036
-0.003	-0.04
-0.003	-0.044
-0.004	-0.047
-0.003	-0.049
-0.004	-0.05
-0.002	-0.051
-0.002	-0.052
-0.004	-0.052
-0.004	-0.053
-0.004	-0.053
-0.005	-0.055
-0.008	-0.056
-0.009	-0.057
-0.01	-0.058
-0.011	-0.061
-0.013	-0.064
-0.014	-0.067
-0.016	-0.07
-0.017	-0.07
-0.017	-0.07
-0.017	-0.07
-0.016	-0.072
-0.017	-0.074
-0.02	-0.077
-0.024	-0.08
-0.027	-0.081
-0.03	-0.083
-0.033	-0.085
-0.036	-0.085
-0.037	-0.084
-0.037	-0.08
-0.037	-0.076
-0.036	-0.072
-0.037	-0.068
-0.035	-0.066
-0.037	-0.063
-0.037	-0.061
-0.039	-0.057
-0.04	-0.055
-0.043	-0.05
-0.044	-0.047
-0.045	-0.044
-0.047	-0.042
-0.048	-0.042
-0.051	-0.041
-0.054	-0.041
-0.056	-0.039
-0.057	-0.039
-0.061	-0.04
-0.062	-0.041
-0.064	-0.042
-0.067	-0.043
-0.069	-0.045
-0.072	-0.047
-0.075	-0.049
-0.077	-0.052
-0.08	-0.053
-0.081	-0.055
-0.084	-0.063
-0.084	-0.058
-0.09	-0.057
-0.091	-0.057
-0.094	-0.055
-0.096	-0.053
-0.096	-0.053
-0.097	-0.053
-0.098	-0.053
-0.099	-0.052
-0.099	-0.052
-0.1	-0.054
-0.101	-0.053
-0.1	-0.054
-0.101	-0.053
-0.1	-0.054
-0.1	-0.052
-0.098	-0.051
-0.099	-0.051
-0.098	-0.053
-0.097	-0.052
-0.096	-0.053
-0.096	-0.054
-0.096	-0.053
-0.093	-0.054
-0.091	-0.055
-0.089	-0.054
-0.086	-0.053
-0.082	-0.052
-0.08	-0.049
-0.078	-0.048
-0.076	-0.047
-0.075	-0.046
-0.073	-0.046
-0.075	-0.046
-0.076	-0.044
-0.08	-0.043
-0.087	-0.042
-0.098	-0.041
-0.112	-0.041
-0.129	-0.037
-0.15	-0.033
-0.171	-0.03
-0.194	-0.025
-0.213	-0.019
-0.23	-0.012
-0.243	-0.008
-0.255	-0.001
-0.262	0.005
-0.269	0.01
-0.271	0.015
-0.269	0.021
-0.26	0.027
-0.245	0.035
-0.221	0.043
-0.186	0.048
-0.142	0.051
-0.089	0.048
-0.025	0.042
0.048	0.029
0.124	0.017
0.203	0.004
0.288	-0.011
0.374	-0.03
0.464	-0.056
0.549	-0.087
0.63	-0.124
0.702	-0.162
0.773	-0.195
0.843	-0.219
0.911	-0.237
0.972	-0.243
1.024	-0.245
1.065	-0.236
1.093	-0.219
1.111	-0.199
1.113	-0.177
1.106	-0.156
1.085	-0.136
1.052	-0.123
1.009	-0.114
0.958	-0.113
0.902	-0.116
0.838	-0.121
0.768	-0.128
0.698	-0.137
0.626	-0.147
0.556	-0.158
0.487	-0.165
0.419	-0.173
0.351	-0.18
0.285	-0.189
0.219	-0.198
0.155	-0.209
0.094	-0.219
0.036	-0.228
-0.021	-0.235
-0.074	-0.241
-0.124	-0.242
-0.17	-0.241
-0.214	-0.234
-0.254	-0.226
-0.294	-0.21
-0.327	-0.192
-0.358	-0.171
-0.384	-0.149
-0.407	-0.127
-0.428	-0.108
-0.445	-0.089
-0.461	-0.071
-0.474	-0.056
-0.486	-0.041
-0.495	-0.027
-0.503	-0.013
-0.507	-0.002
-0.512	0.009
-0.514	0.018
-0.516	0.026
-0.516	0.034
-0.515	0.041
-0.515	0.048
-0.512	0.054
-0.511	0.056
-0.508	0.061
-0.505	0.066
-0.502	0.071
-0.498	0.074
-0.493	0.076
-0.49	0.08
-0.485	0.083
-0.479	0.084
-0.474	0.087
-0.468	0.087
-0.463	0.088
-0.457	0.086
-0.453	0.084
-0.447	0.082
-0.441	0.079
-0.433	0.076
-0.427	0.074
-0.42	0.073
-0.412	0.073
-0.406	0.076
-0.398	0.079
-0.391	0.083
-0.384	0.083
-0.377	0.083
-0.373	0.083
-0.368	0.084
-0.361	0.083
-0.356	0.082
-0.351	0.08
-0.345	0.078
-0.34	0.076
-0.334	0.075
-0.327	0.074
-0.32	0.07
-0.315	0.069
-0.309	0.067
-0.303	0.066
-0.297	0.064
-0.292	0.063
-0.285	0.063
-0.279	0.064
-0.272	0.063
-0.267	0.061
-0.261	0.059
-0.257	0.056
-0.252	0.056
-0.246	0.054
-0.241	0.054
-0.235	0.054
-0.228	0.054
-0.222	0.055
-0.216	0.056
-0.209	0.055
-0.204	0.055
-0.199	0.054
-0.194	0.053
-0.189	0.049
-0.185	0.046
-0.181	0.043
-0.176	0.038
-0.172	0.033
-0.169	0.028
-0.165	0.021
-0.163	0.016
-0.158	0.013
-0.153	0.011
-0.148	0.01
-0.142	0.01
-0.136	0.007
-0.133	0.008
-0.128	0.006
-0.124	0.006
-0.12	0.003
-0.117	0.001
-0.115	-0.001
-0.114	-0.003
-0.112	-0.005
-0.11	-0.005
-0.107	-0.005
-0.101	-0.006
-0.103	-0.006
-0.099	-0.007
-0.096	-0.008
-0.093	-0.008
-0.088	-0.01
-0.085	-0.011
-0.081	-0.014
-0.079	-0.015
-0.076	-0.015
-0.072	-0.016
-0.069	-0.015
-0.065	-0.015
-0.062	-0.014
-0.059	-0.013
-0.055	-0.013
-0.053	-0.013
-0.049	-0.015
-0.046	-0.015
-0.044	-0.017
-0.041	-0.019
-0.038	-0.021
-0.035	-0.023
-0.033	-0.024
-0.031	-0.026
-0.03	-0.026
-0.027	-0.028
-0.027	-0.029
-0.024	-0.03
-0.022	-0.032
-0.02	-0.034
-0.018	-0.035
-0.016	-0.035
-0.013	-0.036
-0.012	-0.035
-0.009	-0.035
-0.007	-0.035
-0.005	-0.034
-0.003	-0.035
-0.002	-0.035
-0.001	-0.037
-0.001	-0.037
0.001	-0.04
0.003	-0.041
0.005	-0.042
0.006	-0.042
0.01	-0.043
0.011	-0.044
0.015	-0.046
0.017	-0.046
0.02	-0.048
0.021	-0.049
0.022	-0.048
0.024	-0.048
0.025	-0.048
0.026	-0.049
0.027	-0.048
0.027	-0.047
0.029	-0.048
0.029	-0.05
0.031	-0.05
0.033	-0.053
0.034	-0.053
0.035	-0.054
0.038	-0.055
0.039	-0.055
0.041	-0.055
0.042	-0.054
0.043	-0.055
0.043	-0.056
0.043	-0.056
0.044	-0.055
0.044	-0.056
0.044	-0.057
0.045	-0.058
0.046	-0.062
0.044	-0.066
0.044	-0.067
0.045	-0.071
0.045	-0.075
0.044	-0.076
0.047	-0.077
0.048	-0.075
0.051	-0.071
0.055	-0.066
0.059	-0.062
0.062	-0.058
0.064	-0.054
0.067	-0.052
0.07	-0.05
0.072	-0.049
0.073	-0.05
0.073	-0.051
0.073	-0.052
0.075	-0.052
0.077	-0.052
0.079	-0.051
0.083	-0.053
0.086	-0.052
0.09	-0.053
0.094	-0.053
0.099	-0.052
0.102	-0.05
0.108	-0.05
0.11	-0.048
0.112	-0.047
0.115	-0.047
0.114	-0.048
0.113	-0.05
0.11	-0.052
0.108	-0.054
0.105	-0.055
0.103	-0.058
0.099	-0.06
0.098	-0.063
0.096	-0.066
0.094	-0.069
0.093	-0.071
0.091	-0.074
0.09	-0.074
0.09	-0.074
0.09	-0.075
0.088	-0.073
0.09	-0.074
0.088	-0.072
0.09	-0.071
0.091	-0.071
0.091	-0.07
0.092	-0.069
0.092	-0.068
0.094	-0.067
0.093	-0.067
0.092	-0.068
0.092	-0.068
0.093	-0.07
0.091	-0.071
0.091	-0.072
0.09	-0.074
0.088	-0.074
0.087	-0.075
0.085	-0.075
0.085	-0.076
0.083	-0.077
0.082	-0.079
0.079	-0.079
0.079	-0.08
0.075	-0.081
0.074	-0.083
0.07	-0.084
0.067	-0.085
0.065	-0.088
0.061	-0.089
0.057	-0.091
0.054	-0.093
0.049	-0.095
0.046	-0.099
0.04	-0.1
0.036	-0.101
0.033	-0.104
0.027	-0.106
0.022	-0.108
0.018	-0.109
0.013	-0.112
0.008	-0.114
0.003	-0.114
0.0	-0.115
-0.004	-0.113
-0.007	-0.113
-0.01	-0.114
-0.014	-0.115
-0.018	-0.115
-0.021	-0.116
-0.024	-0.115
-0.028	-0.116
-0.033	-0.116
-0.038	-0.115
-0.041	-0.116
-0.046	-0.118
-0.052	-0.12
-0.057	-0.12
-0.06	-0.122
-0.065	-0.12
-0.067	-0.12
-0.07	-0.118
-0.071	-0.116
-0.072	-0.115
-0.074	-0.115
-0.076	-0.113
-0.078	-0.113
-0.08	-0.114
-0.083	-0.116
-0.085	-0.119
-0.089	-0.119
-0.091	-0.119
-0.093	-0.121
-0.096	-0.122
-0.1	-0.124
-0.103	-0.125
-0.106	-0.126
-0.11	-0.127
-0.112	-0.134
-0.113	-0.127
-0.119	-0.123
-0.117	-0.12
-0.119	-0.117
-0.118	-0.115
-0.119	-0.112
-0.118	-0.111
-0.119	-0.108
-0.118	-0.106
-0.117	-0.104
-0.117	-0.102
-0.117	-0.1
-0.117	-0.099
-0.116	-0.099
-0.118	-0.099
-0.118	-0.1
-0.119	-0.1
-0.12	-0.101
-0.121	-0.102
-0.122	-0.101
-0.122	-0.102
-0.123	-0.099
-0.121	-0.097
-0.12	-0.094
-0.116	-0.09
-0.114	-0.087
-0.112	-0.085
-0.111	-0.084
-0.11	-0.083
-0.109	-0.082
-0.107	-0.082
-0.107	-0.083
-0.107	-0.084
-0.108	-0.084
-0.109	-0.083
-0.11	-0.082
-0.112	-0.081
-0.113	-0.08
-0.114	-0.079
-0.115	-0.081
-0.116	-0.081
-0.116	-0.081
-0.116	-0.08
-0.115	-0.081
-0.115	-0.082
-0.115	-0.082
-0.114	-0.082
-0.113	-0.081
-0.112	-0.08
-0.11	-0.078
-0.108	-0.076
-0.107	-0.072
-0.104	-0.07
-0.103	-0.069
-0.101	-0.066
-0.099	-0.063
-0.095	-0.06
-0.091	-0.058
-0.089	-0.056
-0.086	-0.053
-0.083	-0.053
-0.08	-0.051
-0.078	-0.051
-0.077	-0.051
-0.075	-0.052
-0.074	-0.053
-0.073	-0.052
-0.071	-0.052
-0.07	-0.052
-0.07	-0.051
-0.069	-0.051
-0.069	-0.051
-0.067	-0.05
-0.066	-0.051
-0.067	-0.051
-0.068	-0.051
-0.068	-0.052
-0.069	-0.053
-0.069	-0.054
-0.07	-0.053
-0.07	-0.052
-0.069	-0.051
-0.066	-0.048
-0.063	-0.048
-0.061	-0.047
-0.059	-0.047
-0.056	-0.049
-0.055	-0.052
-0.052	-0.055
-0.052	-0.057
-0.05	-0.06
-0.051	-0.061
-0.05	-0.06
-0.048	-0.06
-0.048	-0.06
-0.046	-0.059
-0.045	-0.058
-0.042	-0.057
-0.04	-0.056
-0.038	-0.055
-0.036	-0.055
-0.033	-0.056
-0.031	-0.055
-0.029	-0.055
-0.025	-0.054
-0.024	-0.053
-0.022	-0.052
-0.02	-0.052
-0.018	-0.052
-0.016	-0.05
-0.014	-0.048
-0.012	-0.046
-0.009	-0.045
-0.008	-0.044
-0.005	-0.046
-0.006	-0.046
-0.005	-0.048
-0.005	-0.048
-0.005	-0.047
-0.006	-0.046
-0.007	-0.045
-0.006	-0.044
-0.007	-0.043
-0.007	-0.044
-0.01	-0.046
-0.01	-0.047
-0.011	-0.049
-0.013	-0.05
-0.013	-0.05
-0.014	-0.051
-0.014	-0.053
-0.015	-0.055
-0.015	-0.056
-0.014	-0.056
-0.015	-0.055
-0.015	-0.055
-0.015	-0.055
-0.015	-0.054
-0.015	-0.053
-0.013	-0.054
-0.014	-0.054
-0.015	-0.055
-0.016	-0.052
-0.015	-0.052
-0.015	-0.049
-0.012	-0.046
-0.009	-0.042
-0.006	-0.04
-0.003	-0.036
-0.001	-0.033
0.001	-0.031
0.002	-0.027
0.004	-0.024
0.005	-0.023
0.004	-0.022
0.003	-0.022
0.001	-0.025
-0.002	-0.027
-0.006	-0.031
-0.011	-0.033
-0.013	-0.035
-0.016	-0.037
-0.018	-0.038
-0.019	-0.04
-0.023	-0.043
-0.025	-0.045
-0.028	-0.046
-0.031	-0.048
-0.033	-0.047
-0.033	-0.047
-0.034	-0.046
-0.035	-0.045
-0.035	-0.042
-0.033	-0.04
-0.032	-0.035
-0.03	-0.033
-0.027	-0.032
-0.026	-0.029
-0.025	-0.028
-0.024	-0.027
-0.022	-0.027
-0.022	-0.027
-0.021	-0.027
-0.02	-0.026
-0.018	-0.026
-0.017	-0.026
-0.017	-0.028
-0.017	-0.03
-0.018	-0.031
-0.021	-0.031
-0.022	-0.03
-0.023	-0.03
-0.024	-0.029
-0.024	-0.029
-0.026	-0.027
-0.026	-0.026
-0.026	-0.027
-0.028	-0.028
-0.028	-0.027
-0.029	-0.029
-0.03	-0.033
-0.024	-0.028
-0.029	-0.028
-0.029	-0.029
-0.029	-0.031
-0.03	-0.031
-0.03	-0.031
-0.03	-0.031
-0.032	-0.031
-0.032	-0.031
-0.033	-0.03
-0.034	-0.03
-0.034	-0.029
-0.033	-0.03
-0.035	-0.028
-0.034	-0.027
-0.034	-0.021
-0.032	-0.016
-0.03	-0.013
-0.03	-0.009
-0.029	-0.008
-0.032	-0.009
-0.035	-0.011
-0.037	-0.013
-0.039	-0.016
-0.042	-0.019
-0.045	-0.021
-0.048	-0.023
-0.049	-0.025
-0.05	-0.026
-0.052	-0.027
-0.052	-0.029
-0.054	-0.03
-0.054	-0.032
-0.055	-0.032
-0.054	-0.033
-0.054	-0.032
-0.052	-0.032
-0.051	-0.03
-0.051	-0.028
-0.048	-0.025
-0.046	-0.023
-0.043	-0.02
-0.04	-0.015
-0.037	-0.012
-0.036	-0.012
-0.035	-0.011
-0.035	-0.01
-0.033	-0.011
-0.033	-0.01
-0.033	-0.009
-0.031	-0.008
-0.031	-0.007
-0.03	-0.009
-0.031	-0.011
-0.031	-0.011
-0.031	-0.012
-0.031	-0.014
-0.033	-0.014
-0.032	-0.014
-0.032	-0.015
-0.033	-0.014
-0.033	-0.013
-0.033	-0.011
-0.032	-0.01
-0.031	-0.009
-0.029	-0.009
-0.029	-0.011
-0.027	-0.011
-0.026	-0.012
-0.027	-0.012
-0.024	-0.015
-0.025	-0.017
-0.024	-0.018
-0.023	-0.019
-0.021	-0.022
-0.02	-0.022
-0.016	-0.022
-0.012	-0.023
-0.009	-0.023
-0.005	-0.022
-0.003	-0.023
0.0	-0.026
0.001	-0.027
0.003	-0.029
0.003	-0.03
0.004	-0.033
0.004	-0.035
0.003	-0.038
0.002	-0.041
0.001	-0.043
0.0	-0.044
0.0	-0.046
-0.001	-0.047
-0.002	-0.048
-0.002	-0.048
-0.003	-0.046
-0.002	-0.047
-0.004	-0.048
-0.005	-0.051
-0.007	-0.052
-0.009	-0.055
-0.011	-0.054
-0.012	-0.053
-0.013	-0.052
-0.014	-0.053
-0.015	-0.056
-0.017	-0.058
-0.018	-0.062
-0.02	-0.065
-0.022	-0.066
-0.023	-0.066
-0.024	-0.067
-0.027	-0.066
-0.026	-0.066
-0.029	-0.063
-0.028	-0.062
-0.029	-0.058
-0.03	-0.056
-0.032	-0.053
-0.033	-0.048
-0.033	-0.044
-0.035	-0.04
-0.035	-0.035
-0.035	-0.032
-0.036	-0.03
-0.038	-0.029
-0.04	-0.025
-0.044	-0.021
-0.046	-0.017
-0.048	-0.015
-0.051	-0.013
-0.053	-0.014
-0.058	-0.015
-0.061	-0.017
-0.067	-0.018
-0.071	-0.02
-0.075	-0.024
-0.08	-0.028
-0.083	-0.032
-0.087	-0.034
-0.09	-0.036
-0.094	-0.041
-0.099	-0.045
-0.102	-0.05
-0.105	-0.055
-0.108	-0.057
-0.109	-0.06
-0.111	-0.062
-0.112	-0.064
-0.113	-0.066
-0.114	-0.066
-0.114	-0.067
-0.114	-0.068
-0.114	-0.068
-0.113	-0.067
-0.112	-0.067
-0.111	-0.066
-0.108	-0.064
-0.106	-0.063
-0.104	-0.062
-0.102	-0.062
-0.1	-0.063
-0.099	-0.063
-0.097	-0.063
-0.096	-0.063
-0.097	-0.062
-0.094	-0.061
-0.092	-0.059
-0.09	-0.058
-0.089	-0.058
-0.089	-0.057
-0.088	-0.056
-0.086	-0.055
-0.086	-0.054
-0.084	-0.052
-0.083	-0.051
-0.085	-0.05
-0.089	-0.049
-0.095	-0.048
-0.104	-0.047
-0.117	-0.044
-0.134	-0.042
-0.154	-0.039
-0.176	-0.034
-0.196	-0.029
-0.217	-0.022
-0.233	-0.017
-0.248	-0.012
-0.259	-0.008
-0.269	-0.002
-0.274	0.004
-0.276	0.009
-0.274	0.015
-0.266	0.025
-0.249	0.034
-0.221	0.045
-0.183	0.052
-0.134	0.055
-0.075	0.054
-0.004	0.048
0.073	0.03
0.159	0.023
0.241	0.01
0.33	-0.004
0.418	-0.02
0.507	-0.043
0.595	-0.072
0.676	-0.104
0.753	-0.133
0.827	-0.163
0.897	-0.184
0.967	-0.199
1.026	-0.206
1.074	-0.201
1.108	-0.191
1.129	-0.177
1.135	-0.16
1.128	-0.143
1.108	-0.124
1.081	-0.11
1.042	-0.101
0.996	-0.094
0.944	-0.091
0.884	-0.091
0.819	-0.092
0.751	-0.094
0.683	-0.098
0.614	-0.104
0.547	-0.113
0.479	-0.121
0.413	-0.133
0.346	-0.143
0.28	-0.152
0.217	-0.163
0.153	-0.173
0.092	-0.184
0.033	-0.196
-0.025	-0.206
-0.08	-0.217
-0.132	-0.23
-0.183	-0.241
-0.23	-0.247
-0.273	-0.247
-0.313	-0.244
-0.348	-0.236
-0.38	-0.226
-0.409	-0.214
-0.435	-0.198
-0.457	-0.182
-0.477	-0.164
-0.491	-0.147
-0.504	-0.132
-0.514	-0.111
-0.52	-0.095
-0.523	-0.079
-0.525	-0.064
-0.525	-0.051
-0.525	-0.042
-0.525	-0.031
-0.524	-0.023
-0.524	-0.016
-0.523	-0.011
-0.521	-0.003
-0.518	0.004
-0.514	0.011
-0.509	0.014
-0.504	0.018
-0.499	0.024
-0.493	0.025
-0.489	0.027
-0.484	0.029
-0.478	0.033
-0.472	0.035
-0.467	0.038
-0.46	0.038
-0.455	0.041
-0.447	0.04
-0.441	0.04
-0.436	0.041
-0.43	0.043
-0.424	0.043
-0.418	0.045
-0.412	0.047
-0.404	0.049
-0.397	0.051
-0.39	0.05
-0.384	0.049
-0.376	0.047
-0.371	0.044
-0.364	0.043
-0.357	0.04
-0.351	0.041
-0.343	0.042
-0.337	0.044
-0.33	0.045
-0.324	0.046
-0.318	0.045
-0.312	0.043
-0.309	0.038
-0.306	0.037
-0.302	0.034
-0.299	0.033
-0.295	0.031
-0.291	0.03
-0.286	0.029
-0.282	0.028
-0.278	0.026
-0.272	0.025
-0.266	0.024
-0.261	0.023
-0.256	0.024
-0.25	0.023
-0.244	0.026
-0.237	0.025
-0.231	0.025
-0.224	0.025
-0.216	0.025
-0.208	0.025
-0.201	0.024
-0.195	0.024
-0.188	0.022
-0.181	0.021
-0.172	0.018
-0.166	0.018
-0.159	0.017
-0.152	0.018
-0.147	0.019
-0.142	0.017
-0.139	0.017
-0.135	0.017
-0.131	0.017
-0.126	0.015
-0.122	0.014
-0.119	0.01
-0.117	0.011
-0.111	0.011
-0.107	0.01
-0.104	0.011
-0.098	0.012
-0.092	0.014
-0.087	0.015
-0.082	0.015
-0.077	0.015
-0.071	0.014
-0.066	0.011
-0.062	0.005
-0.061	0.0
-0.06	-0.007
-0.061	-0.008
-0.057	-0.01
-0.056	-0.009
-0.053	-0.011
-0.054	-0.012
-0.054	-0.014
-0.056	-0.017
-0.058	-0.02
-0.059	-0.021
-0.06	-0.023
-0.06	-0.027
-0.061	-0.029
-0.06	-0.032
-0.058	-0.035
-0.056	-0.037
-0.053	-0.038
-0.05	-0.038
-0.048	-0.037
-0.045	-0.036
-0.043	-0.034
-0.04	-0.031
-0.036	-0.028
-0.031	-0.024
-0.027	-0.022
-0.025	-0.02
-0.022	-0.019
-0.02	-0.019
-0.018	-0.02
-0.017	-0.02
-0.014	-0.022
-0.011	-0.023
-0.008	-0.026
-0.006	-0.027
-0.003	-0.028
0.0	-0.032
0.002	-0.031
0.007	-0.032
0.009	-0.034
0.011	-0.036
0.012	-0.036
0.015	-0.037
0.017	-0.04
0.018	-0.042
0.02	-0.044
0.021	-0.047
0.022	-0.048
0.024	-0.05
0.024	-0.05
0.028	-0.052
0.028	-0.053
0.029	-0.052
0.031	-0.053
0.032	-0.053
0.033	-0.054
0.037	-0.055
0.033	-0.055
0.036	-0.055
0.036	-0.057
0.037	-0.056
0.039	-0.055
0.042	-0.054
0.044	-0.053
0.046	-0.052
0.048	-0.05
0.05	-0.05
0.051	-0.051
0.053	-0.051
0.056	-0.051
0.059	-0.052
0.06	-0.053
0.061	-0.053
0.064	-0.053
0.064	-0.053
0.066	-0.053
0.068	-0.053
0.069	-0.052
0.072	-0.052
0.072	-0.049
0.075	-0.047
0.077	-0.046
0.079	-0.045
0.079	-0.046
0.081	-0.047
0.079	-0.047
0.08	-0.049
0.08	-0.047
0.083	-0.046
0.087	-0.047
0.09	-0.048
0.094	-0.048
0.097	-0.049
0.099	-0.05
0.101	-0.049
0.104	-0.048
0.107	-0.046
0.109	-0.044
0.112	-0.041
0.115	-0.039
0.115	-0.04
0.115	-0.04
0.116	-0.04
0.117	-0.04
0.117	-0.04
0.116	-0.042
0.116	-0.044
0.113	-0.045
0.113	-0.046
0.112	-0.047
0.111	-0.048
0.111	-0.045
0.112	-0.045
0.112	-0.047
0.11	-0.048
0.11	-0.049
0.11	-0.048
0.111	-0.048
0.113	-0.047
0.116	-0.048
0.117	-0.05
0.117	-0.048
0.118	-0.047
0.118	-0.044
0.119	-0.043
0.118	-0.042
0.116	-0.04
0.113	-0.037
0.111	-0.035
0.108	-0.033
0.106	-0.033
0.103	-0.032
0.1	-0.034
0.096	-0.036
0.093	-0.037
0.091	-0.038
0.089	-0.039
0.087	-0.04
0.085	-0.041
0.083	-0.044
0.081	-0.047
0.078	-0.048
0.076	-0.05
0.073	-0.051
0.071	-0.051
0.067	-0.053
0.064	-0.056
0.06	-0.058
0.056	-0.06
0.052	-0.062
0.048	-0.064
0.044	-0.065
0.041	-0.066
0.036	-0.067
0.032	-0.068
0.027	-0.071
0.022	-0.074
0.017	-0.076
0.012	-0.077
0.008	-0.078
0.003	-0.079
-0.003	-0.078
-0.008	-0.078
-0.014	-0.077
-0.02	-0.075
-0.024	-0.075
-0.028	-0.073
-0.033	-0.072
-0.036	-0.075
-0.041	-0.075
-0.044	-0.077
-0.049	-0.079
-0.051	-0.082
-0.057	-0.085
-0.06	-0.086
-0.063	-0.087
-0.068	-0.09
-0.072	-0.093
-0.078	-0.094
-0.081	-0.097
-0.085	-0.098
-0.088	-0.099
-0.091	-0.099
-0.093	-0.099
-0.095	-0.1
-0.098	-0.102
-0.101	-0.103
-0.104	-0.103
-0.105	-0.102
-0.107	-0.103
-0.111	-0.103
-0.114	-0.103
-0.116	-0.104
-0.119	-0.103
-0.122	-0.102
-0.122	-0.102
-0.126	-0.102
-0.128	-0.101
-0.13	-0.1
-0.132	-0.1
-0.135	-0.099
-0.135	-0.099
-0.136	-0.101
-0.138	-0.101
-0.139	-0.101
-0.137	-0.1
-0.136	-0.098
-0.133	-0.097
-0.131	-0.096
-0.128	-0.094
-0.126	-0.095
-0.125	-0.097
-0.125	-0.097
-0.125	-0.097
-0.124	-0.095
-0.124	-0.095
-0.125	-0.094
-0.127	-0.093
-0.127	-0.095
-0.13	-0.094
-0.132	-0.094
-0.134	-0.094
-0.136	-0.094
-0.137	-0.094
-0.139	-0.092
-0.139	-0.092
-0.139	-0.092
-0.138	-0.092
-0.139	-0.091
-0.137	-0.089
-0.135	-0.086
-0.133	-0.084
-0.131	-0.082
-0.128	-0.08
-0.125	-0.078
-0.123	-0.075
-0.12	-0.074
-0.119	-0.073
-0.117	-0.073
-0.117	-0.072
-0.116	-0.072
-0.116	-0.071
-0.115	-0.07
-0.114	-0.068
-0.114	-0.067
-0.113	-0.066
-0.111	-0.065
-0.11	-0.064
-0.108	-0.063
-0.105	-0.065
-0.104	-0.063
-0.101	-0.065
-0.1	-0.063
-0.096	-0.062
-0.093	-0.062
-0.091	-0.059
-0.087	-0.065
-0.081	-0.058
-0.081	-0.059
-0.077	-0.058
-0.074	-0.057
-0.071	-0.057
-0.067	-0.056
-0.064	-0.058
-0.063	-0.058
-0.06	-0.059
-0.058	-0.059
-0.056	-0.061
-0.055	-0.062
-0.053	-0.064
-0.053	-0.064
-0.051	-0.065
-0.049	-0.063
-0.046	-0.063
-0.044	-0.063
-0.042	-0.066
-0.04	-0.068
-0.039	-0.067
-0.034	-0.067
-0.033	-0.066
-0.03	-0.065
-0.028	-0.066
-0.027	-0.064
-0.025	-0.062
-0.023	-0.061
-0.022	-0.058
-0.02	-0.057
-0.019	-0.055
-0.017	-0.055
-0.017	-0.054
-0.015	-0.054
-0.014	-0.054
-0.014	-0.056
-0.014	-0.058
-0.013	-0.058
-0.012	-0.056
-0.009	-0.056
-0.008	-0.054
-0.006	-0.052
-0.005	-0.051
-0.004	-0.049
-0.002	-0.047
0.0	-0.048
0.001	-0.049
0.001	-0.05
0.001	-0.051
0.002	-0.051
0.003	-0.051
0.003	-0.05
0.005	-0.049
0.005	-0.046
0.008	-0.044
0.01	-0.043
0.011	-0.04
0.012	-0.04
0.011	-0.037
0.013	-0.033
0.016	-0.028
0.019	-0.027
0.021	-0.025
0.024	-0.026
0.025	-0.027
0.028	-0.028
0.027	-0.029
0.028	-0.032
0.026	-0.033
0.028	-0.033
0.029	-0.034
0.029	-0.037
0.028	-0.041
0.025	-0.042
0.023	-0.045
0.019	-0.044
0.017	-0.044
0.014	-0.042
0.014	-0.04
0.011	-0.037
0.008	-0.036
0.006	-0.034
0.003	-0.032
0.001	-0.032
-0.002	-0.03
-0.002	-0.033
-0.007	-0.032
-0.007	-0.033
-0.008	-0.034
-0.009	-0.037
-0.012	-0.038
-0.013	-0.041
-0.015	-0.043
-0.017	-0.045
-0.018	-0.046
-0.019	-0.047
-0.019	-0.048
-0.02	-0.049
-0.021	-0.05
-0.021	-0.051
-0.021	-0.052
-0.021	-0.053
-0.021	-0.053
-0.021	-0.052
-0.02	-0.05
-0.018	-0.047
-0.017	-0.043
-0.016	-0.042
-0.015	-0.04
-0.015	-0.04
-0.016	-0.041
-0.015	-0.042
-0.015	-0.044
-0.016	-0.046
-0.017	-0.049
-0.02	-0.049
-0.02	-0.049
-0.022	-0.05
-0.023	-0.052
-0.025	-0.052
-0.025	-0.053
-0.026	-0.053
-0.025	-0.052
-0.025	-0.049
-0.025	-0.046
-0.023	-0.043
-0.023	-0.04
-0.022	-0.037
-0.022	-0.036
-0.023	-0.037
-0.024	-0.038
-0.027	-0.04
-0.028	-0.042
-0.03	-0.044
-0.031	-0.046
-0.032	-0.05
-0.034	-0.053
-0.036	-0.054
-0.035	-0.054
-0.035	-0.052
-0.034	-0.048
-0.031	-0.045
-0.03	-0.042
-0.03	-0.039
-0.029	-0.037
-0.029	-0.036
-0.029	-0.034
-0.03	-0.033
-0.03	-0.034
-0.031	-0.033
-0.032	-0.032
-0.03	-0.034
-0.031	-0.034
-0.03	-0.033
-0.029	-0.032
-0.028	-0.034
-0.029	-0.033
-0.029	-0.031
-0.03	-0.028
-0.028	-0.026
-0.028	-0.026
-0.027	-0.023
-0.026	-0.023
-0.025	-0.022
-0.025	-0.022
-0.024	-0.022
-0.025	-0.024
-0.025	-0.024
-0.026	-0.024
-0.026	-0.023
-0.026	-0.024
-0.028	-0.025
-0.028	-0.025
-0.028	-0.025
-0.028	-0.025
-0.027	-0.026
-0.027	-0.026
-0.028	-0.025
-0.028	-0.025
-0.028	-0.023
-0.029	-0.022
-0.028	-0.023
-0.031	-0.021
-0.031	-0.019
-0.031	-0.016
-0.031	-0.013
-0.03	-0.011
-0.03	-0.009
-0.028	-0.009
-0.026	-0.009
-0.026	-0.008
-0.024	-0.006
-0.022	-0.005
-0.022	-0.003
-0.021	-0.002
-0.02	-0.001
-0.02	-0.002
-0.021	-0.002
-0.021	-0.003
-0.021	-0.006
-0.022	-0.016
-0.018	-0.014
-0.023	-0.017
-0.022	-0.02
-0.02	-0.024
-0.02	-0.025
-0.019	-0.027
-0.017	-0.03
-0.016	-0.033
-0.016	-0.033
-0.013	-0.035
-0.011	-0.037
-0.01	-0.037
-0.007	-0.038
-0.004	-0.041
-0.001	-0.046
0.0	-0.05
0.0	-0.057
0.0	-0.059
0.002	-0.06
0.004	-0.059
0.007	-0.058
0.009	-0.057
0.011	-0.057
0.011	-0.056
0.012	-0.056
0.011	-0.058
0.009	-0.058
0.01	-0.061
0.007	-0.063
0.006	-0.065
0.003	-0.067
0.0	-0.069
-0.002	-0.068
-0.006	-0.07
-0.009	-0.072
-0.014	-0.073
-0.017	-0.076
-0.022	-0.079
-0.025	-0.08
-0.028	-0.084
-0.033	-0.085
-0.036	-0.084
-0.037	-0.082
-0.038	-0.08
-0.038	-0.077
-0.039	-0.072
-0.039	-0.068
-0.039	-0.066
-0.041	-0.064
-0.042	-0.061
-0.043	-0.058
-0.045	-0.056
-0.047	-0.052
-0.049	-0.051
-0.05	-0.05
-0.053	-0.049
-0.055	-0.048
-0.058	-0.048
-0.061	-0.047
-0.063	-0.046
-0.064	-0.045
-0.066	-0.043
-0.067	-0.042
-0.069	-0.042
-0.07	-0.042
-0.072	-0.042
-0.075	-0.043
-0.078	-0.043
-0.081	-0.043
-0.083	-0.043
-0.085	-0.04
-0.086	-0.04
-0.087	-0.038
-0.087	-0.037
-0.087	-0.035
-0.086	-0.036
-0.087	-0.034
-0.085	-0.035
-0.085	-0.036
-0.085	-0.036
-0.084	-0.037
-0.082	-0.035
-0.081	-0.034
-0.081	-0.033
-0.081	-0.035
-0.082	-0.034
-0.083	-0.033
-0.083	-0.032
-0.085	-0.032
-0.088	-0.033
-0.093	-0.033
-0.096	-0.034
-0.1	-0.035
-0.103	-0.035
-0.106	-0.037
-0.11	-0.04
-0.112	-0.041
-0.113	-0.043
-0.115	-0.044
-0.116	-0.045
-0.116	-0.046
-0.116	-0.046
-0.115	-0.046
-0.113	-0.045
-0.112	-0.045
-0.111	-0.044
-0.11	-0.044
-0.112	-0.045
-0.113	-0.047
-0.119	-0.047
-0.128	-0.048
-0.141	-0.048
-0.156	-0.047
-0.176	-0.044
-0.198	-0.038
-0.217	-0.032
-0.238	-0.021
-0.254	-0.012
-0.268	-0.003
-0.277	0.004
-0.285	0.011
-0.288	0.016
-0.29	0.022
-0.286	0.03
-0.274	0.038
-0.257	0.048
-0.229	0.056
-0.19	0.066
-0.14	0.072
-0.078	0.073
-0.006	0.073
0.075	0.065
0.161	0.059
0.251	0.052
0.342	0.043
0.436	0.028
0.53	0.008
0.623	-0.016
0.713	-0.043
0.798	-0.07
0.879	-0.098
0.957	-0.121
1.031	-0.14
1.095	-0.146
1.149	-0.149
1.182	-0.144
1.201	-0.138
1.203	-0.129
1.192	-0.12
1.167	-0.108
1.131	-0.1
1.082	-0.094
1.026	-0.094
0.963	-0.093
0.895	-0.094
0.821	-0.1
0.743	-0.106
0.665	-0.115
0.587	-0.126
0.509	-0.135
0.436	-0.145
0.364	-0.155
0.294	-0.164
0.226	-0.173
0.161	-0.181
0.095	-0.189
0.034	-0.197
-0.026	-0.204
-0.082	-0.213
-0.137	-0.219
-0.186	-0.226
-0.236	-0.232
-0.28	-0.236
-0.325	-0.236
-0.364	-0.233
-0.399	-0.226
-0.431	-0.214
-0.459	-0.201
-0.483	-0.187
-0.502	-0.172
-0.518	-0.152
-0.53	-0.137
-0.54	-0.12
-0.547	-0.103
-0.553	-0.085
-0.555	-0.068
-0.557	-0.053
-0.556	-0.04
-0.555	-0.029
-0.555	-0.02
-0.553	-0.013
-0.552	-0.006
-0.551	0.001
-0.548	0.007
-0.546	0.012
-0.542	0.017
-0.537	0.021
-0.532	0.026
-0.526	0.029
-0.519	0.033
-0.513	0.031
-0.504	0.037
-0.502	0.038
-0.496	0.036
-0.491	0.038
-0.485	0.038
-0.479	0.037
-0.473	0.036
-0.468	0.035
-0.463	0.035
-0.457	0.035
-0.451	0.038
-0.444	0.038
-0.438	0.04
-0.431	0.042
-0.424	0.042
-0.417	0.042
-0.409	0.043
-0.401	0.044
-0.395	0.046
-0.385	0.047
-0.378	0.047
-0.371	0.046
-0.364	0.048
-0.356	0.049
-0.347	0.049
-0.34	0.047
-0.334	0.046
-0.328	0.045
-0.323	0.042
-0.318	0.04
-0.312	0.037
-0.308	0.037
-0.3	0.036
-0.295	0.035
-0.289	0.033
-0.283	0.032
-0.278	0.03
-0.273	0.028
-0.267	0.028
-0.261	0.027
-0.255	0.027
-0.249	0.026
-0.244	0.026
-0.237	0.026
-0.23	0.026
-0.225	0.025
-0.218	0.023
-0.214	0.021
-0.208	0.019
-0.204	0.019
-0.199	0.017
-0.195	0.015
-0.191	0.011
-0.19	0.01
-0.184	0.008
-0.179	0.008
-0.173	0.008
-0.168	0.009
-0.163	0.009
-0.157	0.009
-0.152	0.01
-0.146	0.011
-0.141	0.013
-0.135	0.012
-0.131	0.013
-0.126	0.011
-0.123	0.008
-0.12	0.006
-0.117	0.003
-0.113	0.001
-0.109	-0.001
-0.104	-0.004
-0.1	-0.007
-0.096	-0.007
-0.091	-0.008
-0.087	-0.008
-0.083	-0.008
-0.079	-0.007
-0.073	-0.008
-0.069	-0.008
-0.064	-0.008
-0.06	-0.008
-0.057	-0.009
-0.054	-0.015
-0.054	-0.019
-0.052	-0.021
-0.052	-0.024
-0.049	-0.028
-0.051	-0.029
-0.049	-0.032
-0.048	-0.033
-0.046	-0.033
-0.044	-0.034
-0.042	-0.032
-0.037	-0.032
-0.034	-0.032
-0.029	-0.033
-0.028	-0.032
-0.023	-0.032
-0.022	-0.032
-0.019	-0.032
-0.017	-0.032
-0.016	-0.034
-0.016	-0.035
-0.016	-0.034
-0.015	-0.035
-0.015	-0.034
-0.012	-0.035
-0.011	-0.036
-0.01	-0.038
-0.009	-0.037
-0.006	-0.039
-0.005	-0.039
-0.003	-0.04
-0.001	-0.04
0.0	-0.041
0.002	-0.045
0.003	-0.044
0.005	-0.044
0.008	-0.042
0.012	-0.042
0.014	-0.042
0.017	-0.041
0.02	-0.041
0.023	-0.04
0.027	-0.039
0.03	-0.039
0.033	-0.04
0.035	-0.041
0.037	-0.043
0.038	-0.045
0.039	-0.048
0.041	-0.048
0.041	-0.048
0.043	-0.05
0.043	-0.051
0.045	-0.055
0.043	-0.056
0.045	-0.056
0.045	-0.055
0.047	-0.054
0.047	-0.053
0.049	-0.053
0.05	-0.052
0.052	-0.051
0.054	-0.05
0.055	-0.049
0.058	-0.049
0.06	-0.05
0.061	-0.052
0.063	-0.055
0.063	-0.058
0.064	-0.059
0.066	-0.061
0.068	-0.061
0.071	-0.064
0.073	-0.066
0.075	-0.069
0.076	-0.07
0.08	-0.069
0.083	-0.068
0.086	-0.066
0.089	-0.062
0.092	-0.057
0.096	-0.052
0.1	-0.049
0.101	-0.045
0.105	-0.045
0.106	-0.044
0.108	-0.044
0.109	-0.044
0.11	-0.045
0.111	-0.046
0.111	-0.049
0.111	-0.052
0.11	-0.054
0.11	-0.056
0.109	-0.058
0.11	-0.057
0.112	-0.058
0.113	-0.058
0.113	-0.056
0.115	-0.054
0.116	-0.053
0.118	-0.052
0.119	-0.05
0.121	-0.05
0.121	-0.05
0.123	-0.049
0.124	-0.047
0.126	-0.045
0.127	-0.044
0.127	-0.043
0.128	-0.043
0.128	-0.043
0.128	-0.043
0.128	-0.044
0.128	-0.046
0.127	-0.047
0.127	-0.047
0.126	-0.045
0.129	-0.044
0.125	-0.041
0.127	-0.04
0.125	-0.04
0.123	-0.042
0.12	-0.044
0.117	-0.046
0.114	-0.047
0.112	-0.05
0.107	-0.049
0.104	-0.051
0.099	-0.051
0.094	-0.053
0.089	-0.055
0.083	-0.057
0.076	-0.059
0.071	-0.061
0.065	-0.061
0.062	-0.063
0.057	-0.064
0.052	-0.066
0.048	-0.068
0.044	-0.068
0.041	-0.071
0.036	-0.071
0.032	-0.071
0.028	-0.07
0.027	-0.071
0.024	-0.072
0.021	-0.075
0.017	-0.078
0.013	-0.081
0.008	-0.084
0.003	-0.083
0.0	-0.082
-0.004	-0.083
-0.009	-0.084
-0.013	-0.085
-0.018	-0.088
-0.024	-0.088
-0.028	-0.088
-0.031	-0.089
-0.037	-0.089
-0.041	-0.092
-0.047	-0.093
-0.049	-0.096
-0.054	-0.098
-0.059	-0.099
-0.063	-0.101
-0.067	-0.103
-0.072	-0.102
-0.073	-0.102
-0.077	-0.102
-0.08	-0.101
-0.083	-0.101
-0.087	-0.1
-0.09	-0.1
-0.093	-0.099
-0.096	-0.098
-0.1	-0.098
-0.102	-0.1
-0.107	-0.099
-0.107	-0.101
-0.11	-0.102
-0.113	-0.103
-0.115	-0.102
-0.116	-0.099
-0.116	-0.096
-0.118	-0.093
-0.119	-0.09
-0.122	-0.087
-0.122	-0.087
-0.125	-0.085
-0.126	-0.087
-0.13	-0.087
-0.133	-0.088
-0.136	-0.088
-0.138	-0.089
-0.14	-0.089
-0.143	-0.089
-0.145	-0.089
-0.148	-0.088
-0.148	-0.088
-0.149	-0.087
-0.15	-0.087
-0.15	-0.085
-0.149	-0.082
-0.147	-0.08
-0.145	-0.075
-0.142	-0.071
-0.14	-0.068
-0.137	-0.068
-0.137	-0.066
-0.136	-0.067
-0.135	-0.069
-0.136	-0.069
-0.135	-0.071
-0.137	-0.072
-0.138	-0.072
-0.139	-0.071
-0.14	-0.071
-0.142	-0.07
-0.143	-0.069
-0.144	-0.069
-0.144	-0.068
-0.144	-0.066
-0.144	-0.065
-0.144	-0.064
-0.143	-0.064
-0.143	-0.064
-0.142	-0.064
-0.14	-0.064
-0.138	-0.064
-0.136	-0.063
-0.134	-0.062
-0.131	-0.061
-0.128	-0.061
-0.126	-0.06
-0.124	-0.057
-0.121	-0.054
-0.117	-0.052
-0.116	-0.05
-0.113	-0.05
-0.112	-0.051
-0.11	-0.053
-0.109	-0.053
-0.106	-0.055
-0.104	-0.055
-0.103	-0.054
-0.1	-0.055
-0.098	-0.054
-0.095	-0.056
-0.093	-0.057
-0.092	-0.059
-0.091	-0.059
-0.089	-0.06
-0.089	-0.062
-0.087	-0.063
-0.086	-0.062
-0.083	-0.061
-0.081	-0.062
-0.078	-0.062
-0.077	-0.062
-0.074	-0.061
-0.071	-0.061
-0.068	-0.061
-0.064	-0.062
-0.061	-0.062
-0.059	-0.061
-0.057	-0.06
-0.054	-0.059
-0.05	-0.057
-0.047	-0.055
-0.043	-0.055
-0.041	-0.054
-0.04	-0.054
-0.039	-0.054
-0.039	-0.053
-0.037	-0.052
-0.036	-0.053
-0.036	-0.051
-0.035	-0.051
-0.033	-0.05
-0.032	-0.048
-0.03	-0.045
-0.027	-0.041
-0.023	-0.039
-0.022	-0.035
-0.019	-0.035
-0.019	-0.035
-0.016	-0.037
-0.017	-0.038
-0.016	-0.042
-0.015	-0.044
-0.014	-0.047
-0.015	-0.05
-0.015	-0.052
-0.015	-0.055
-0.015	-0.056
-0.013	-0.058
-0.014	-0.058
-0.011	-0.06
-0.01	-0.06
-0.009	-0.06
-0.007	-0.062
-0.007	-0.063
-0.006	-0.064
-0.005	-0.065
-0.004	-0.066
-0.003	-0.064
0.0	-0.066
0.001	-0.064
0.004	-0.062
0.007	-0.059
0.01	-0.057
0.013	-0.056
0.014	-0.056
0.014	-0.056
0.015	-0.055
0.016	-0.054
0.019	-0.06
0.024	-0.056
0.022	-0.054
0.025	-0.053
0.026	-0.051
0.028	-0.05
0.029	-0.049
0.029	-0.048
0.028	-0.047
0.025	-0.047
0.023	-0.045
0.02	-0.047
0.016	-0.049
0.012	-0.049
0.009	-0.049
0.007	-0.051
0.005	-0.053
0.003	-0.056
0.0	-0.053
-0.002	-0.054
-0.004	-0.053
-0.005	-0.052
-0.006	-0.05
-0.006	-0.049
-0.008	-0.044
-0.006	-0.042
-0.006	-0.04
-0.005	-0.04
-0.005	-0.039
-0.006	-0.036
-0.005	-0.036
-0.005	-0.036
-0.007	-0.037
-0.008	-0.036
-0.008	-0.038
-0.009	-0.036
-0.008	-0.036
-0.009	-0.035
-0.008	-0.036
-0.01	-0.036
-0.011	-0.035
-0.011	-0.034
-0.01	-0.033
-0.01	-0.032
-0.01	-0.031
-0.009	-0.031
-0.008	-0.03
-0.007	-0.03
-0.006	-0.03
-0.006	-0.033
-0.007	-0.036
-0.008	-0.037
-0.008	-0.039
-0.008	-0.04
-0.008	-0.039
-0.008	-0.038
-0.007	-0.037
-0.008	-0.034
-0.009	-0.031
-0.01	-0.031
-0.012	-0.029
-0.012	-0.031
-0.016	-0.031
-0.017	-0.033
-0.019	-0.035
-0.021	-0.036
-0.023	-0.038
-0.025	-0.039
-0.025	-0.04
-0.024	-0.041
-0.024	-0.042
-0.024	-0.041
-0.022	-0.041
-0.022	-0.04
-0.019	-0.039
-0.018	-0.037
-0.017	-0.036
-0.016	-0.034
-0.013	-0.035
-0.012	-0.032
-0.01	-0.031
-0.007	-0.032
-0.008	-0.029
-0.006	-0.029
-0.006	-0.028
-0.009	-0.03
-0.012	-0.034
-0.015	-0.037
-0.02	-0.041
-0.023	-0.043
-0.026	-0.045
-0.03	-0.047
-0.032	-0.049
-0.037	-0.051
-0.039	-0.052
-0.041	-0.054
-0.042	-0.056
-0.045	-0.057
-0.044	-0.06
-0.045	-0.059
-0.044	-0.06
-0.042	-0.058
-0.042	-0.056
-0.04	-0.055
-0.039	-0.054
-0.038	-0.053
-0.038	-0.052
-0.037	-0.049
-0.036	-0.049
-0.037	-0.047
-0.035	-0.045
-0.035	-0.043
-0.033	-0.044
-0.035	-0.044
-0.035	-0.044
-0.034	-0.045
-0.034	-0.045
-0.034	-0.044
-0.033	-0.042
-0.03	-0.04
-0.029	-0.037
-0.026	-0.034
-0.024	-0.03
-0.022	-0.027
-0.02	-0.024
-0.019	-0.024
-0.019	-0.022
-0.019	-0.02
-0.018	-0.017
-0.016	-0.016
-0.016	-0.016
-0.016	-0.016
-0.016	-0.019
-0.017	-0.019
-0.016	-0.019
-0.016	-0.019
-0.017	-0.018
-0.017	-0.018
-0.017	-0.018
-0.018	-0.017
-0.019	-0.016
-0.019	-0.015
-0.02	-0.016
-0.02	-0.015
-0.02	-0.015
-0.02	-0.014
-0.019	-0.016
-0.019	-0.017
-0.019	-0.02
-0.019	-0.022
-0.017	-0.026
-0.016	-0.029
-0.015	-0.034
-0.013	-0.036
-0.01	-0.041
-0.01	-0.042
-0.008	-0.045
-0.007	-0.045
-0.004	-0.046
-0.001	-0.048
0.002	-0.052
0.004	-0.054
0.008	-0.059
0.008	-0.06
0.009	-0.063
0.011	-0.063
0.011	-0.063
0.014	-0.061
0.017	-0.06
0.02	-0.058
0.023	-0.056
0.025	-0.056
0.027	-0.055
0.029	-0.054
0.029	-0.055
0.027	-0.058
0.021	-0.06
0.016	-0.063
0.01	-0.064
0.004	-0.066
-0.002	-0.066
-0.009	-0.068
-0.016	-0.073
-0.023	-0.077
-0.03	-0.083
-0.037	-0.088
-0.042	-0.092
-0.047	-0.095
-0.05	-0.098
-0.053	-0.097
-0.055	-0.094
-0.055	-0.09
-0.054	-0.086
-0.053	-0.082
-0.053	-0.078
-0.052	-0.075
-0.054	-0.071
-0.054	-0.067
-0.055	-0.063
-0.056	-0.056
-0.056	-0.05
-0.056	-0.049
-0.052	-0.039
-0.057	-0.034
-0.055	-0.033
-0.057	-0.031
-0.058	-0.031
-0.059	-0.034
-0.063	-0.038
-0.064	-0.04
-0.066	-0.042
-0.067	-0.043
-0.068	-0.044
-0.07	-0.045
-0.072	-0.046
-0.074	-0.048
-0.079	-0.048
-0.081	-0.046
-0.082	-0.044
-0.084	-0.042
-0.087	-0.04
-0.087	-0.037
-0.088	-0.034
-0.088	-0.033
-0.089	-0.033
-0.091	-0.033
-0.091	-0.034
-0.092	-0.036
-0.092	-0.039
-0.093	-0.041
-0.093	-0.043
-0.092	-0.046
-0.092	-0.047
-0.092	-0.048
-0.092	-0.049
-0.091	-0.049
-0.09	-0.049
-0.089	-0.048
-0.088	-0.047
-0.087	-0.046
-0.087	-0.045
-0.087	-0.044
-0.087	-0.043
-0.087	-0.041
-0.087	-0.039
-0.086	-0.035
-0.084	-0.034
-0.084	-0.034
-0.084	-0.034
-0.085	-0.035
-0.085	-0.035
-0.086	-0.036
-0.086	-0.036
-0.086	-0.037
-0.088	-0.037
-0.091	-0.035
-0.095	-0.035
-0.105	-0.033
-0.117	-0.031
-0.134	-0.027
-0.154	-0.023
-0.175	-0.021
-0.197	-0.016
-0.217	-0.009
-0.234	-0.002
-0.248	0.005
-0.259	0.011
-0.267	0.014
-0.273	0.018
-0.275	0.022
-0.272	0.028
-0.261	0.035
-0.243	0.044
-0.217	0.053
-0.177	0.061
-0.129	0.066
-0.069	0.066
0.0	0.059
0.077	0.047
0.155	0.036
0.237	0.021
0.321	0.002
0.409	-0.021
0.496	-0.048
0.581	-0.083
0.659	-0.123
0.732	-0.163
0.802	-0.196
0.872	-0.222
0.941	-0.239
1.003	-0.245
1.055	-0.245
1.096	-0.237
1.123	-0.223
1.139	-0.209
1.137	-0.192
1.126	-0.178
1.099	-0.163
1.063	-0.152
1.017	-0.145
0.965	-0.144
0.908	-0.146
0.842	-0.145
0.774	-0.148
0.701	-0.152
0.631	-0.159
0.56	-0.166
0.492	-0.172
0.424	-0.178
0.356	-0.186
0.29	-0.192
0.225	-0.2
0.161	-0.206
0.099	-0.213
0.039	-0.22
-0.021	-0.225
-0.078	-0.231
-0.133	-0.232
-0.184	-0.23
-0.233	-0.221
-0.278	-0.209
-0.318	-0.193
-0.354	-0.177
-0.387	-0.158
-0.417	-0.14
-0.443	-0.124
-0.465	-0.107
-0.486	-0.091
-0.501	-0.075
-0.512	-0.056
-0.52	-0.042
-0.528	-0.028
-0.531	-0.015
-0.534	-0.004
-0.537	0.007
-0.539	0.017
-0.539	0.028
-0.538	0.037
-0.537	0.045
-0.535	0.053
-0.532	0.06
-0.528	0.065
-0.525	0.071
-0.52	0.076
-0.516	0.083
-0.508	0.085
-0.501	0.089
-0.495	0.092
-0.489	0.092
-0.485	0.091
-0.481	0.09
-0.477	0.09
-0.473	0.087
-0.47	0.085
-0.467	0.081
-0.465	0.077
-0.463	0.074
-0.46	0.071
-0.456	0.069
-0.451	0.068
-0.447	0.068
-0.44	0.068
-0.434	0.069
-0.428	0.07
-0.42	0.07
-0.414	0.07
-0.408	0.071
-0.4	0.07
-0.395	0.069
-0.386	0.068
-0.379	0.067
-0.372	0.066
-0.363	0.063
-0.356	0.06
-0.349	0.056
-0.343	0.056
-0.335	0.056
-0.328	0.056
-0.32	0.055
-0.314	0.055
-0.307	0.052
-0.301	0.051
-0.296	0.05
-0.29	0.048
-0.287	0.047
-0.28	0.044
-0.275	0.042
-0.269	0.04
-0.264	0.039
-0.257	0.035
-0.253	0.033
-0.248	0.031
-0.243	0.029
-0.237	0.025
-0.232	0.023
-0.228	0.021
-0.223	0.019
-0.217	0.017
-0.212	0.014
-0.208	0.013
-0.202	0.011
-0.197	0.01
-0.191	0.002
-0.183	0.007
-0.181	0.008
-0.172	0.005
-0.167	0.005
-0.161	0.003
-0.157	0.004
-0.15	0.001
-0.146	0.001
-0.141	0.0
-0.136	0.0
-0.132	-0.003
-0.128	-0.005
-0.126	-0.007
-0.121	-0.01
-0.118	-0.011
-0.114	-0.012
-0.11	-0.014
-0.107	-0.017
-0.104	-0.019
-0.101	-0.021
-0.098	-0.024
-0.095	-0.026
-0.091	-0.028
-0.088	-0.028
-0.084	-0.028
-0.08	-0.026
-0.076	-0.025
-0.071	-0.025
-0.067	-0.025
-0.063	-0.024
-0.058	-0.025
-0.054	-0.025
-0.05	-0.025
-0.046	-0.023
-0.042	-0.022
-0.038	-0.02
-0.034	-0.018
-0.031	-0.016
-0.028	-0.016
-0.025	-0.017
-0.025	-0.018
-0.021	-0.019
-0.018	-0.021
-0.018	-0.025
-0.017	-0.03
-0.017	-0.033
-0.017	-0.036
-0.016	-0.038
-0.016	-0.041
-0.014	-0.042
-0.014	-0.042
-0.013	-0.043
-0.011	-0.044
-0.01	-0.043
-0.008	-0.042
-0.005	-0.042
-0.004	-0.04
-0.001	-0.04
0.002	-0.04
0.006	-0.04
0.01	-0.04
0.015	-0.04
0.017	-0.038
0.023	-0.036
0.025	-0.036
0.026	-0.036
0.027	-0.037
0.025	-0.038
0.025	-0.037
0.026	-0.038
0.027	-0.039
0.027	-0.041
0.026	-0.044
0.025	-0.045
0.025	-0.047
0.027	-0.05
0.025	-0.051
0.025	-0.053
0.025	-0.054
0.025	-0.054
0.026	-0.054
0.027	-0.053
0.029	-0.053
0.03	-0.054
0.03	-0.054
0.032	-0.055
0.034	-0.055
0.036	-0.054
0.039	-0.056
0.041	-0.056
0.042	-0.057
0.045	-0.058
0.046	-0.059
0.049	-0.059
0.051	-0.06
0.054	-0.06
0.056	-0.059
0.058	-0.057
0.062	-0.056
0.065	-0.056
0.066	-0.056
0.068	-0.057
0.069	-0.057
0.072	-0.058
0.074	-0.056
0.077	-0.056
0.079	-0.055
0.081	-0.053
0.084	-0.053
0.085	-0.053
0.087	-0.054
0.088	-0.056
0.088	-0.058
0.088	-0.057
0.09	-0.057
0.092	-0.057
0.095	-0.056
0.097	-0.055
0.1	-0.054
0.104	-0.055
0.107	-0.054
0.109	-0.052
0.112	-0.049
0.115	-0.046
0.117	-0.044
0.119	-0.041
0.121	-0.041
0.12	-0.04
0.12	-0.042
0.12	-0.043
0.121	-0.044
0.121	-0.043
0.122	-0.044
0.121	-0.044
0.123	-0.045
0.123	-0.046
0.122	-0.047
0.121	-0.046
0.122	-0.049
0.12	-0.05
0.119	-0.05
0.119	-0.051
0.117	-0.049
0.119	-0.049
0.118	-0.048
0.117	-0.048
0.115	-0.047
0.116	-0.048
0.114	-0.049
0.113	-0.048
0.113	-0.048
0.113	-0.049
0.111	-0.049
0.11	-0.05
0.108	-0.048
0.107	-0.049
0.106	-0.052
0.103	-0.053
0.102	-0.055
0.099	-0.056
0.096	-0.056
0.093	-0.057
0.09	-0.057
0.088	-0.059
0.086	-0.061
0.082	-0.063
0.079	-0.062
0.079	-0.064
0.078	-0.063
0.076	-0.063
0.075	-0.061
0.073	-0.061
0.071	-0.061
0.068	-0.061
0.065	-0.061
0.061	-0.064
0.055	-0.067
0.049	-0.072
0.042	-0.076
0.036	-0.081
0.028	-0.085
0.021	-0.088
0.013	-0.089
0.007	-0.09
0.0	-0.09
-0.006	-0.091
-0.013	-0.09
-0.018	-0.091
-0.024	-0.091
-0.029	-0.09
-0.035	-0.092
-0.04	-0.092
-0.045	-0.093
-0.05	-0.094
-0.054	-0.095
-0.058	-0.096
-0.063	-0.097
-0.067	-0.099
-0.071	-0.101
-0.075	-0.101
-0.079	-0.103
-0.08	-0.105
-0.088	-0.107
-0.09	-0.108
-0.094	-0.109
-0.097	-0.109
-0.1	-0.109
-0.102	-0.109
-0.104	-0.108
-0.105	-0.107
-0.108	-0.104
-0.107	-0.103
-0.108	-0.102
-0.109	-0.102
-0.111	-0.099
-0.11	-0.097
-0.11	-0.095
-0.109	-0.094
-0.108	-0.095
-0.108	-0.094
-0.109	-0.095
-0.11	-0.096
-0.11	-0.1
-0.113	-0.101
-0.114	-0.101
-0.115	-0.101
-0.117	-0.103
-0.119	-0.105
-0.122	-0.106
-0.124	-0.107
-0.126	-0.106
-0.127	-0.107
-0.129	-0.106
-0.13	-0.106
-0.131	-0.105
-0.13	-0.104
-0.13	-0.103
-0.131	-0.101
-0.13	-0.1
-0.13	-0.098
-0.13	-0.098
-0.13	-0.099
-0.129	-0.098
-0.129	-0.096
-0.127	-0.097
-0.127	-0.095
-0.124	-0.092
-0.121	-0.092
-0.12	-0.091
-0.118	-0.089
-0.116	-0.086
-0.113	-0.084
-0.111	-0.08
-0.108	-0.08
-0.106	-0.077
-0.103	-0.076
-0.101	-0.074
-0.099	-0.074
-0.096	-0.073
-0.096	-0.071
-0.094	-0.067
-0.093	-0.064
-0.092	-0.063
-0.091	-0.063
-0.092	-0.063
-0.094	-0.062
-0.094	-0.062
-0.096	-0.063
-0.097	-0.064
-0.099	-0.067
-0.101	-0.067
-0.102	-0.067
-0.103	-0.067
-0.103	-0.069
-0.105	-0.068
-0.104	-0.068
-0.104	-0.067
-0.104	-0.065
-0.101	-0.063
-0.098	-0.063
-0.097	-0.061
-0.096	-0.061
-0.095	-0.06
-0.093	-0.058
-0.092	-0.059
-0.092	-0.058
-0.092	-0.058
-0.091	-0.059
-0.091	-0.06
-0.089	-0.061
-0.089	-0.061
-0.085	-0.06
-0.081	-0.059
-0.078	-0.055
-0.074	-0.052
-0.07	-0.049
-0.068	-0.046
-0.065	-0.046
-0.063	-0.044
-0.06	-0.045
-0.058	-0.045
-0.057	-0.044
-0.056	-0.044
-0.054	-0.043
-0.055	-0.044
-0.055	-0.044
-0.055	-0.045
-0.056	-0.045
-0.054	-0.049
-0.056	-0.05
-0.056	-0.053
-0.056	-0.054
-0.055	-0.056
-0.055	-0.057
-0.053	-0.058
-0.051	-0.06
-0.05	-0.056
-0.046	-0.056
-0.045	-0.056
-0.042	-0.055
-0.041	-0.054
-0.038	-0.053
-0.035	-0.052
-0.032	-0.052
-0.03	-0.051
-0.028	-0.048
-0.025	-0.047
-0.024	-0.045
-0.023	-0.046
-0.024	-0.044
-0.024	-0.046
-0.024	-0.046
-0.024	-0.046
-0.023	-0.046
-0.023	-0.046
-0.021	-0.046
-0.021	-0.046
-0.021	-0.048
-0.021	-0.047
-0.019	-0.049
-0.019	-0.047
-0.018	-0.047
-0.017	-0.047
-0.016	-0.047
-0.016	-0.045
-0.015	-0.044
-0.013	-0.043
-0.013	-0.042
-0.012	-0.041
-0.012	-0.039
-0.012	-0.038
-0.011	-0.039
-0.012	-0.04
-0.012	-0.04
-0.011	-0.041
-0.01	-0.04
-0.011	-0.041
-0.011	-0.041
-0.011	-0.042
-0.011	-0.042
-0.011	-0.041
-0.01	-0.042
-0.011	-0.04
-0.008	-0.04
-0.008	-0.039
-0.007	-0.041
-0.007	-0.041
-0.005	-0.041
-0.004	-0.042
-0.003	-0.043
-0.002	-0.042
0.0	-0.041
0.001	-0.043
0.001	-0.044
0.002	-0.046
0.001	-0.045
0.003	-0.046
0.002	-0.047
0.0	-0.048
-0.002	-0.049
-0.005	-0.049
-0.006	-0.047
-0.007	-0.044
-0.006	-0.043
-0.007	-0.042
-0.009	-0.042
-0.009	-0.043
-0.01	-0.045
-0.013	-0.046
-0.015	-0.048
-0.017	-0.049
-0.017	-0.049
-0.018	-0.049
-0.019	-0.048
-0.018	-0.048
-0.019	-0.049
-0.019	-0.05
-0.019	-0.051
-0.02	-0.054
-0.022	-0.055
-0.022	-0.056
-0.021	-0.062
-0.018	-0.055
-0.022	-0.055
-0.021	-0.054
-0.022	-0.052
-0.022	-0.051
-0.022	-0.049
-0.022	-0.045
-0.022	-0.043
-0.022	-0.04
-0.022	-0.036
-0.021	-0.035
-0.022	-0.034
-0.022	-0.034
-0.023	-0.034
-0.025	-0.033
-0.026	-0.034
-0.027	-0.036
-0.03	-0.037
-0.03	-0.038
-0.031	-0.037
-0.031	-0.036
-0.031	-0.036
-0.032	-0.035
-0.033	-0.034
-0.032	-0.033
-0.032	-0.033
-0.033	-0.033
-0.032	-0.032
-0.032	-0.032
-0.031	-0.032
-0.03	-0.033
-0.031	-0.033
-0.03	-0.033
-0.029	-0.034
-0.029	-0.035
-0.03	-0.034
-0.028	-0.036
-0.03	-0.036
-0.031	-0.035
-0.03	-0.035
-0.03	-0.034
-0.031	-0.034
-0.031	-0.034
-0.033	-0.036
-0.035	-0.037
-0.036	-0.038
-0.036	-0.038
-0.036	-0.039
-0.037	-0.04
-0.037	-0.04
-0.037	-0.039
-0.037	-0.037
-0.035	-0.036
-0.035	-0.034
-0.034	-0.034
-0.032	-0.032
-0.031	-0.033
-0.03	-0.033
-0.03	-0.032
-0.029	-0.032
-0.028	-0.031
-0.027	-0.031
-0.026	-0.03
-0.025	-0.029
-0.025	-0.026
-0.022	-0.024
-0.021	-0.021
-0.019	-0.019
-0.018	-0.014
-0.014	-0.012
-0.014	-0.008
-0.013	-0.006
-0.011	-0.005
-0.01	-0.003
-0.008	-0.002
-0.007	-0.004
-0.007	-0.005
-0.007	-0.006
-0.007	-0.006
-0.006	-0.007
-0.008	-0.007
-0.008	-0.005
-0.008	-0.004
-0.008	-0.004
-0.009	-0.002
-0.008	-0.002
-0.009	-0.002
-0.01	-0.005
-0.013	-0.002
-0.012	-0.004
-0.013	-0.004
-0.014	-0.005
-0.014	-0.007
-0.014	-0.008
-0.014	-0.012
-0.015	-0.015
-0.014	-0.019
-0.013	-0.022
-0.012	-0.025
-0.012	-0.026
-0.01	-0.027
-0.007	-0.028
-0.006	-0.029
-0.003	-0.032
-0.003	-0.035
-0.002	-0.04
-0.002	-0.044
-0.002	-0.048
-0.003	-0.05
-0.003	-0.053
-0.001	-0.054
0.001	-0.057
0.002	-0.059
0.002	-0.06
0.0	-0.061
0.0	-0.062
-0.001	-0.063
-0.002	-0.064
-0.003	-0.063
-0.003	-0.062
-0.004	-0.063
-0.005	-0.065
-0.008	-0.067
-0.01	-0.067
-0.01	-0.068
-0.012	-0.068
-0.014	-0.07
-0.015	-0.073
-0.018	-0.074
-0.02	-0.076
-0.024	-0.076
-0.025	-0.076
-0.027	-0.075
-0.028	-0.075
-0.03	-0.072
-0.031	-0.069
-0.03	-0.065
-0.029	-0.061
-0.029	-0.06
-0.031	-0.057
-0.032	-0.055
-0.034	-0.052
-0.036	-0.049
-0.038	-0.048
-0.042	-0.046
-0.044	-0.045
-0.046	-0.045
-0.048	-0.045
-0.051	-0.047
-0.055	-0.048
-0.059	-0.048
-0.06	-0.049
-0.063	-0.049
-0.066	-0.048
-0.069	-0.047
-0.07	-0.047
-0.073	-0.046
-0.076	-0.046
-0.08	-0.045
-0.082	-0.045
-0.085	-0.045
-0.087	-0.044
-0.088	-0.044
-0.09	-0.045
-0.092	-0.047
-0.095	-0.047
-0.095	-0.048
-0.095	-0.048
-0.096	-0.048
-0.095	-0.048
-0.095	-0.048
-0.096	-0.048
-0.096	-0.047
-0.095	-0.046
-0.095	-0.045
-0.094	-0.047
-0.095	-0.046
-0.094	-0.048
-0.095	-0.048
-0.096	-0.048
-0.096	-0.049
-0.097	-0.05
-0.098	-0.05
-0.097	-0.051
-0.098	-0.05
-0.098	-0.052
-0.098	-0.052
-0.097	-0.051
-0.096	-0.051
-0.094	-0.051
-0.093	-0.052
-0.092	-0.051
-0.091	-0.052
-0.09	-0.053
-0.09	-0.052
-0.088	-0.052
-0.087	-0.051
-0.087	-0.052
-0.089	-0.051
-0.094	-0.049
-0.102	-0.055
-0.111	-0.046
-0.13	-0.042
-0.147	-0.039
-0.167	-0.035
-0.189	-0.029
-0.208	-0.021
-0.224	-0.014
-0.24	-0.008
-0.252	-0.001
-0.261	0.004
-0.267	0.009
-0.271	0.015
-0.27	0.021
-0.263	0.028
-0.249	0.035
-0.227	0.042
-0.194	0.047
-0.152	0.051
-0.1	0.048
-0.038	0.041
0.031	0.03
0.106	0.017
0.186	0.004
0.267	-0.011
0.35	-0.03
0.437	-0.055
0.521	-0.085
0.599	-0.12
0.671	-0.156
0.742	-0.191
0.81	-0.22
0.875	-0.24
0.938	-0.25
0.991	-0.252
1.032	-0.248
1.062	-0.234
1.083	-0.217
1.09	-0.198
1.087	-0.178
1.073	-0.159
1.045	-0.145
1.009	-0.133
0.965	-0.127
0.916	-0.124
0.859	-0.122
0.797	-0.124
0.73	-0.127
0.663	-0.136
0.594	-0.144
0.527	-0.154
0.459	-0.16
0.391	-0.167
0.326	-0.176
0.26	-0.186
0.194	-0.197
0.132	-0.207
0.072	-0.218
0.012	-0.227
-0.044	-0.234
-0.099	-0.241
-0.15	-0.243
-0.198	-0.24
-0.242	-0.232
-0.284	-0.221
-0.323	-0.205
-0.357	-0.188
-0.387	-0.168
-0.414	-0.149
-0.438	-0.131
-0.458	-0.114
-0.476	-0.094
-0.489	-0.076
-0.499	-0.059
-0.507	-0.042
-0.514	-0.027
-0.52	-0.013
-0.524	-0.001
-0.529	0.011
-0.532	0.019
-0.535	0.027
-0.537	0.035
-0.538	0.042
-0.538	0.047
-0.538	0.053
-0.536	0.058
-0.534	0.062
-0.531	0.065
-0.528	0.069
-0.524	0.071
-0.52	0.073
-0.516	0.077
-0.511	0.076
-0.505	0.075
-0.5	0.075
-0.494	0.075
-0.489	0.076
-0.481	0.075
-0.475	0.077
-0.467	0.078
-0.461	0.08
-0.455	0.081
-0.449	0.081
-0.443	0.079
-0.436	0.078
-0.429	0.076
-0.421	0.074
-0.413	0.073
-0.404	0.069
-0.398	0.067
-0.391	0.065
-0.384	0.065
-0.376	0.064
-0.37	0.068
-0.362	0.069
-0.355	0.071
-0.348	0.072
-0.34	0.07
-0.333	0.068
-0.326	0.066
-0.318	0.062
-0.312	0.059
-0.306	0.058
-0.3	0.056
-0.293	0.054
-0.289	0.052
-0.283	0.051
-0.278	0.049
-0.275	0.046
-0.274	0.044
-0.269	0.042
-0.266	0.037
-0.264	0.033
-0.261	0.028
-0.259	0.025
-0.256	0.023
-0.253	0.022
-0.25	0.02
-0.247	0.02
-0.242	0.019
-0.239	0.02
-0.234	0.018
-0.23	0.016
-0.225	0.015
-0.221	0.014
-0.217	0.015
-0.212	0.014
-0.207	0.013
-0.202	0.013
-0.197	0.013
-0.191	0.013
-0.186	0.014
-0.18	0.013
-0.176	0.014
-0.172	0.013
-0.168	0.011
-0.164	0.011
-0.159	0.012
-0.154	0.012
-0.151	0.012
-0.146	0.01
-0.142	0.007
-0.139	0.008
-0.135	0.008
-0.13	0.007
-0.126	0.006
-0.122	0.004
-0.12	0.002
-0.117	-0.001
-0.115	-0.003
-0.112	-0.006
-0.109	-0.008
-0.105	-0.011
-0.102	-0.014
-0.099	-0.015
-0.095	-0.015
-0.09	-0.016
-0.086	-0.017
-0.083	-0.017
-0.079	-0.017
-0.076	-0.019
-0.072	-0.021
-0.068	-0.024
-0.065	-0.025
-0.059	-0.027
-0.055	-0.027
-0.05	-0.028
-0.046	-0.029
-0.042	-0.03
-0.037	-0.029
-0.032	-0.027
-0.029	-0.028
-0.026	-0.028
-0.023	-0.029
-0.02	-0.029
-0.018	-0.029
-0.015	-0.029
-0.013	-0.029
-0.01	-0.029
-0.006	-0.03
-0.004	-0.032
-0.002	-0.038
0.005	-0.036
0.002	-0.038
0.004	-0.039
0.007	-0.041
0.007	-0.042
0.01	-0.044
0.011	-0.045
0.012	-0.046
0.014	-0.045
0.016	-0.046
0.016	-0.044
0.019	-0.045
0.02	-0.045
0.02	-0.043
0.022	-0.042
0.025	-0.042
0.026	-0.043
0.026	-0.044
0.028	-0.044
0.03	-0.045
0.031	-0.044
0.033	-0.045
0.035	-0.046
0.037	-0.049
0.039	-0.048
0.042	-0.049
0.044	-0.049
0.046	-0.05
0.047	-0.051
0.048	-0.051
0.049	-0.053
0.051	-0.055
0.052	-0.054
0.054	-0.055
0.055	-0.058
0.055	-0.059
0.058	-0.058
0.061	-0.054
0.066	-0.052
0.07	-0.048
0.074	-0.048
0.077	-0.048
0.08	-0.048
0.083	-0.046
0.087	-0.049
0.087	-0.051
0.089	-0.055
0.09	-0.057
0.09	-0.058
0.091	-0.06
0.092	-0.061
0.092	-0.062
0.092	-0.061
0.094	-0.061
0.095	-0.059
0.098	-0.058
0.101	-0.057
0.104	-0.056
0.106	-0.054
0.108	-0.052
0.11	-0.05
0.112	-0.048
0.114	-0.046
0.115	-0.042
0.117	-0.041
0.118	-0.041
0.118	-0.042
0.118	-0.043
0.118	-0.044
0.117	-0.045
0.118	-0.046
0.119	-0.047
0.118	-0.047
0.12	-0.047
0.12	-0.044
0.123	-0.04
0.126	-0.037
0.128	-0.036
0.13	-0.032
0.133	-0.032
0.133	-0.029
0.135	-0.029
0.136	-0.028
0.136	-0.027
0.138	-0.028
0.137	-0.028
0.137	-0.03
0.138	-0.031
0.137	-0.034
0.137	-0.037
0.135	-0.038
0.137	-0.041
0.135	-0.042
0.135	-0.044
0.134	-0.047
0.131	-0.047
0.13	-0.048
0.128	-0.048
0.126	-0.047
0.123	-0.047
0.12	-0.048
0.117	-0.05
0.114	-0.053
0.109	-0.053
0.106	-0.054
0.104	-0.054
0.102	-0.056
0.1	-0.057
0.095	-0.058
0.094	-0.061
0.089	-0.065
0.086	-0.068
0.081	-0.071
0.079	-0.074
0.075	-0.074
0.071	-0.076
0.066	-0.078
0.061	-0.079
0.058	-0.08
0.053	-0.081
0.048	-0.082
0.043	-0.084
0.038	-0.087
0.032	-0.087
0.027	-0.089
0.023	-0.09
0.017	-0.09
0.016	-0.09
0.012	-0.091
0.008	-0.093
0.003	-0.095
-0.001	-0.096
-0.006	-0.096
-0.009	-0.1
-0.013	-0.102
-0.016	-0.104
-0.02	-0.101
-0.022	-0.101
-0.024	-0.103
-0.028	-0.104
-0.033	-0.106
-0.036	-0.107
-0.039	-0.109
-0.044	-0.109
-0.047	-0.109
-0.051	-0.106
-0.053	-0.103
-0.054	-0.099
-0.055	-0.097
-0.056	-0.098
-0.059	-0.098
-0.062	-0.1
-0.066	-0.1
-0.07	-0.103
-0.074	-0.104
-0.078	-0.106
-0.083	-0.106
-0.087	-0.108
-0.092	-0.11
-0.097	-0.112
-0.101	-0.115
-0.106	-0.117
-0.109	-0.12
-0.112	-0.121
-0.115	-0.123
-0.119	-0.123
-0.121	-0.124
-0.124	-0.122
-0.126	-0.12
-0.128	-0.117
-0.129	-0.115
-0.131	-0.114
-0.133	-0.113
-0.134	-0.113
-0.136	-0.112
-0.137	-0.111
-0.139	-0.109
-0.139	-0.108
-0.139	-0.106
-0.139	-0.104
-0.138	-0.101
-0.139	-0.1
-0.138	-0.1
-0.138	-0.099
-0.137	-0.098
-0.136	-0.098
-0.135	-0.099
-0.133	-0.1
-0.133	-0.101
-0.132	-0.099
-0.131	-0.1
-0.13	-0.099
-0.129	-0.097
-0.127	-0.096
-0.125	-0.095
-0.123	-0.096
-0.122	-0.095
-0.12	-0.094
-0.118	-0.092
-0.114	-0.092
-0.114	-0.091
-0.11	-0.089
-0.111	-0.088
-0.11	-0.088
-0.107	-0.089
-0.107	-0.089
-0.106	-0.089
-0.104	-0.088
-0.102	-0.088
-0.101	-0.087
-0.098	-0.084
-0.096	-0.081
-0.094	-0.079
-0.091	-0.075
-0.088	-0.072
-0.086	-0.071
-0.085	-0.069
-0.084	-0.067
-0.082	-0.065
-0.081	-0.065
-0.079	-0.064
-0.079	-0.063
-0.078	-0.061
-0.076	-0.061
-0.076	-0.061
-0.075	-0.062
-0.074	-0.065
-0.076	-0.068
-0.077	-0.068
-0.077	-0.067
-0.076	-0.066
-0.074	-0.063
-0.072	-0.061
-0.07	-0.059
-0.069	-0.059
-0.068	-0.058
-0.067	-0.057
-0.065	-0.054
-0.062	-0.052
-0.06	-0.048
-0.057	-0.045
-0.055	-0.043
-0.053	-0.042
-0.051	-0.041
-0.048	-0.042
-0.048	-0.044
-0.047	-0.047
-0.048	-0.047
-0.047	-0.046
-0.045	-0.046
-0.043	-0.047
-0.043	-0.048
-0.041	-0.048
-0.04	-0.047
-0.037	-0.046
-0.034	-0.046
-0.033	-0.045
-0.03	-0.045
-0.031	-0.044
-0.028	-0.043
-0.029	-0.041
-0.028	-0.041
-0.028	-0.04
-0.026	-0.043
-0.027	-0.042
-0.026	-0.042
-0.026	-0.043
-0.025	-0.044
-0.024	-0.046
-0.024	-0.046
-0.022	-0.047
-0.022	-0.046
-0.021	-0.045
-0.02	-0.044
-0.02	-0.042
-0.018	-0.04
-0.017	-0.037
-0.015	-0.036
-0.015	-0.033
-0.012	-0.034
-0.011	-0.033
-0.009	-0.035
-0.009	-0.036
-0.008	-0.037
-0.008	-0.039
-0.008	-0.041
-0.007	-0.041
-0.004	-0.041
-0.003	-0.042
-0.003	-0.041
0.0	-0.043
0.002	-0.042
0.003	-0.042
0.004	-0.041
0.005	-0.041
0.007	-0.041
0.008	-0.04
0.01	-0.037
0.013	-0.037
0.015	-0.037
0.015	-0.037
0.017	-0.037
0.016	-0.035
0.016	-0.036
0.015	-0.035
0.015	-0.036
0.012	-0.038
0.01	-0.038
0.007	-0.039
0.006	-0.04
0.005	-0.04
0.003	-0.039
0.003	-0.04
0.002	-0.04
0.002	-0.04
0.002	-0.04
0.001	-0.04
0.0	-0.037
-0.002	-0.039
-0.004	-0.038
-0.004	-0.038
-0.004	-0.038
-0.005	-0.038
-0.005	-0.039
-0.006	-0.038
-0.006	-0.038
-0.006	-0.037
-0.006	-0.038
-0.006	-0.039
-0.007	-0.04
-0.008	-0.041
-0.008	-0.041
-0.008	-0.041
-0.008	-0.043
-0.009	-0.044
-0.01	-0.042
-0.011	-0.042
-0.013	-0.041
-0.015	-0.04
-0.016	-0.04
-0.018	-0.039
-0.018	-0.038
-0.019	-0.035
-0.019	-0.033
-0.018	-0.032
-0.019	-0.031
-0.019	-0.03
-0.019	-0.029
-0.021	-0.029
-0.022	-0.031
-0.022	-0.032
-0.023	-0.035
-0.025	-0.036
-0.025	-0.037
-0.026	-0.038
-0.025	-0.039
-0.027	-0.04
-0.027	-0.04
-0.028	-0.039
-0.027	-0.038
-0.026	-0.037
-0.026	-0.037
-0.026	-0.036
-0.025	-0.035
-0.025	-0.037
-0.025	-0.039
-0.026	-0.041
-0.026	-0.042
-0.025	-0.044
-0.023	-0.043
-0.021	-0.044
-0.019	-0.042
-0.017	-0.041
-0.016	-0.04
-0.016	-0.04
-0.017	-0.04
-0.018	-0.038
-0.018	-0.037
-0.021	-0.036
-0.021	-0.037
-0.024	-0.037
-0.025	-0.038
-0.028	-0.041
-0.031	-0.041
-0.032	-0.041
-0.033	-0.04
-0.033	-0.041
-0.035	-0.043
-0.036	-0.044
-0.037	-0.043
-0.036	-0.043
-0.037	-0.043
-0.037	-0.041
-0.036	-0.039
-0.035	-0.036
-0.033	-0.033
-0.031	-0.031
-0.03	-0.027
-0.028	-0.024
-0.028	-0.021
-0.027	-0.02
-0.026	-0.019
-0.023	-0.02
-0.028	-0.02
-0.027	-0.022
-0.028	-0.024
-0.029	-0.024
-0.029	-0.024
-0.029	-0.023
-0.029	-0.021
-0.028	-0.02
-0.028	-0.018
-0.027	-0.016
-0.025	-0.014
-0.024	-0.013
-0.023	-0.011
-0.022	-0.008
-0.019	-0.006
-0.019	-0.003
-0.016	-0.001
-0.016	0.0
-0.014	0.0
-0.014	0.001
-0.013	0.001
-0.013	0.0
-0.013	-0.002
-0.014	-0.003
-0.014	-0.005
-0.016	-0.007
-0.017	-0.009
-0.017	-0.011
-0.017	-0.012
-0.017	-0.014
-0.017	-0.016
-0.014	-0.02
-0.014	-0.02
-0.012	-0.022
-0.01	-0.024
-0.008	-0.025
-0.007	-0.027
-0.005	-0.029
-0.005	-0.03
-0.002	-0.032
0.0	-0.035
0.0	-0.039
0.001	-0.045
0.0	-0.048
0.0	-0.051
0.0	-0.053
0.0	-0.053
-0.001	-0.055
-0.002	-0.055
-0.002	-0.057
-0.004	-0.057
-0.005	-0.058
-0.006	-0.059
-0.007	-0.059
-0.009	-0.059
-0.009	-0.061
-0.01	-0.06
-0.012	-0.062
-0.013	-0.063
-0.015	-0.064
-0.016	-0.065
-0.017	-0.067
-0.017	-0.069
-0.017	-0.07
-0.014	-0.071
-0.013	-0.071
-0.01	-0.072
-0.009	-0.07
-0.007	-0.065
-0.006	-0.061
-0.005	-0.055
-0.005	-0.052
-0.006	-0.048
-0.009	-0.046
-0.013	-0.046
-0.017	-0.048
-0.022	-0.048
-0.029	-0.047
-0.033	-0.047
-0.038	-0.046
-0.041	-0.046
-0.045	-0.043
-0.047	-0.043
-0.049	-0.042
-0.052	-0.042
-0.056	-0.043
-0.059	-0.046
-0.062	-0.045
-0.065	-0.045
-0.067	-0.046
-0.069	-0.048
-0.072	-0.049
-0.076	-0.05
-0.079	-0.05
-0.081	-0.049
-0.083	-0.048
-0.086	-0.045
-0.085	-0.043
-0.085	-0.041
-0.085	-0.04
-0.085	-0.04
-0.085	-0.04
-0.085	-0.043
-0.086	-0.047
-0.088	-0.051
-0.091	-0.054
-0.092	-0.056
-0.095	-0.058
-0.097	-0.06
-0.099	-0.063
-0.102	-0.064
-0.104	-0.065
-0.105	-0.065
-0.106	-0.065
-0.107	-0.064
-0.106	-0.064
-0.105	-0.063
-0.105	-0.062
-0.104	-0.062
-0.105	-0.062
-0.105	-0.061
-0.106	-0.06
-0.105	-0.059
-0.105	-0.058
-0.104	-0.059
-0.105	-0.058
-0.105	-0.057
-0.104	-0.056
-0.103	-0.053
-0.102	-0.052
-0.099	-0.05
-0.098	-0.05
-0.099	-0.047
-0.099	-0.046
-0.103	-0.045
-0.112	-0.044
-0.122	-0.044
-0.137	-0.044
-0.157	-0.041
-0.176	-0.038
-0.197	-0.034
-0.217	-0.028
-0.234	-0.022
-0.25	-0.014
-0.26	-0.007
-0.268	0.0
-0.273	0.004
-0.276	0.009
-0.275	0.013
-0.269	0.022
-0.254	0.031
-0.23	0.041
-0.193	0.051
-0.146	0.058
-0.088	0.063
-0.019	0.061
0.056	0.055
0.138	0.048
0.225	0.042
0.315	0.034
0.406	0.022
0.498	0.005
0.589	-0.019
0.677	-0.044
0.762	-0.07
0.843	-0.098
0.919	-0.123
0.993	-0.139
1.061	-0.15
1.115	-0.15
1.153	-0.147
1.173	-0.139
1.181	-0.13
1.173	-0.118
1.152	-0.106
1.121	-0.096
1.077	-0.089
1.025	-0.086
0.967	-0.082
0.904	-0.084
0.833	-0.087
0.759	-0.094
0.683	-0.103
0.608	-0.112
0.535	-0.123
0.463	-0.131
0.393	-0.141
0.324	-0.147
0.259	-0.156
0.192	-0.165
0.128	-0.174
0.066	-0.183
0.005	-0.195
-0.054	-0.205
-0.111	-0.216
-0.164	-0.223
-0.212	-0.23
-0.258	-0.232
-0.301	-0.23
-0.338	-0.225
-0.371	-0.216
-0.405	-0.201
-0.429	-0.187
-0.452	-0.172
-0.473	-0.158
-0.491	-0.145
-0.508	-0.131
-0.52	-0.116
-0.533	-0.103
-0.541	-0.089
-0.548	-0.077
-0.553	-0.066
-0.557	-0.054
-0.558	-0.045
-0.559	-0.037
-0.559	-0.029
-0.557	-0.022
-0.556	-0.014
-0.552	-0.007
-0.548	-0.001
-0.542	0.003
-0.538	0.007
-0.532	0.011
-0.527	0.014
-0.522	0.019
-0.517	0.022
-0.512	0.021
-0.506	0.025
-0.501	0.027
-0.495	0.029
-0.49	0.032
-0.484	0.033
-0.479	0.034
-0.473	0.034
-0.468	0.036
-0.461	0.039
-0.454	0.04
-0.448	0.039
-0.442	0.039
-0.436	0.04
-0.428	0.04
-0.42	0.04
-0.413	0.039
-0.405	0.041
-0.397	0.04
-0.391	0.04
-0.383	0.041
-0.375	0.041
-0.368	0.039
-0.362	0.039
-0.356	0.039
-0.348	0.038
-0.342	0.038
-0.335	0.037
-0.329	0.036
-0.322	0.035
-0.316	0.035
-0.31	0.034
-0.302	0.033
-0.296	0.033
-0.289	0.032
-0.282	0.032
-0.274	0.03
-0.268	0.029
-0.262	0.027
-0.255	0.026
-0.249	0.023
-0.243	0.021
-0.237	0.021
-0.231	0.02
-0.225	0.021
-0.22	0.02
-0.215	0.019
-0.21	0.019
-0.206	0.018
-0.201	0.016
-0.197	0.015
-0.193	0.013
-0.189	0.012
-0.185	0.013
-0.18	0.013
-0.175	0.013
-0.171	0.011
-0.168	0.01
-0.164	0.009
-0.16	0.008
-0.156	0.007
-0.151	0.007
-0.145	0.006
-0.141	0.005
-0.137	0.004
-0.133	0.004
-0.128	0.003
-0.124	0.001
-0.12	0.001
-0.114	0.001
-0.108	0.003
-0.101	0.004
-0.094	0.006
-0.088	0.007
-0.083	0.008
-0.078	0.007
-0.073	0.006
-0.071	0.007
-0.068	0.007
-0.065	0.005
-0.063	0.001
-0.063	-0.002
-0.062	-0.006
-0.062	-0.008
-0.061	-0.009
-0.057	-0.01
-0.054	-0.008
-0.05	-0.009
-0.047	-0.008
-0.042	-0.009
-0.041	-0.009
-0.038	-0.011
-0.037	-0.012
-0.034	-0.013
-0.033	-0.013
-0.03	-0.014
-0.029	-0.018
-0.029	-0.021
-0.028	-0.024
-0.028	-0.024
-0.027	-0.025
-0.027	-0.025
-0.026	-0.026
-0.025	-0.027
-0.024	-0.026
-0.022	-0.027
-0.02	-0.027
-0.018	-0.028
-0.016	-0.029
-0.013	-0.03
-0.011	-0.031
-0.008	-0.033
-0.006	-0.034
-0.004	-0.034
-0.001	-0.036
0.001	-0.038
0.003	-0.038
0.005	-0.038
0.008	-0.037
0.011	-0.039
0.013	-0.041
0.014	-0.041
0.017	-0.041
0.02	-0.039
0.023	-0.036
0.027	-0.035
0.03	-0.033
0.033	-0.034
0.035	-0.034
0.037	-0.035
0.039	-0.036
0.04	-0.037
0.041	-0.036
0.043	-0.036
0.044	-0.035
0.046	-0.035
0.048	-0.035
0.049	-0.034
0.051	-0.035
0.052	-0.034
0.054	-0.034
0.055	-0.034
0.057	-0.034
0.059	-0.034
0.061	-0.034
0.063	-0.032
0.066	-0.031
0.068	-0.03
0.069	-0.029
0.072	-0.029
0.073	-0.029
0.074	-0.031
0.074	-0.032
0.075	-0.037
0.073	-0.038
0.074	-0.039
0.075	-0.041
0.074	-0.043
0.075	-0.044
0.076	-0.044
0.077	-0.045
0.078	-0.045
0.079	-0.047
0.08	-0.046
0.083	-0.046
0.085	-0.047
0.087	-0.047
0.089	-0.047
0.091	-0.047
0.094	-0.048
0.094	-0.048
0.097	-0.048
0.1	-0.047
0.103	-0.048
0.105	-0.047
0.114	-0.045
0.115	-0.044
0.12	-0.043
0.123	-0.044
0.124	-0.044
0.125	-0.042
0.125	-0.04
0.127	-0.038
0.126	-0.035
0.125	-0.034
0.125	-0.035
0.123	-0.037
0.12	-0.04
0.118	-0.045
0.114	-0.047
0.113	-0.049
0.11	-0.052
0.107	-0.05
0.109	-0.05
0.107	-0.048
0.106	-0.048
0.105	-0.047
0.104	-0.047
0.103	-0.047
0.102	-0.046
0.101	-0.045
0.1	-0.044
0.1	-0.044
0.098	-0.044
0.097	-0.048
0.094	-0.048
0.094	-0.048
0.094	-0.047
0.092	-0.047
0.092	-0.048
0.091	-0.049
0.09	-0.052
0.088	-0.054
0.087	-0.057
0.086	-0.058
0.085	-0.061
0.083	-0.062
0.081	-0.064
0.08	-0.064
0.078	-0.064
0.076	-0.063
0.075	-0.062
0.073	-0.063
0.068	-0.062
0.067	-0.064
0.062	-0.065
0.057	-0.066
0.053	-0.067
0.049	-0.068
0.045	-0.071
0.04	-0.072
0.035	-0.073
0.03	-0.075
0.024	-0.077
0.018	-0.079
0.013	-0.081
0.007	-0.082
0.002	-0.084
-0.004	-0.082
-0.009	-0.081
-0.013	-0.083
-0.017	-0.082
-0.021	-0.083
-0.026	-0.082
-0.03	-0.083
-0.035	-0.083
-0.039	-0.085
-0.045	-0.085
-0.049	-0.087
-0.053	-0.088
-0.056	-0.09
-0.061	-0.092
-0.066	-0.091
-0.069	-0.093
-0.074	-0.093
-0.077	-0.093
-0.081	-0.093
-0.084	-0.095
-0.087	-0.095
-0.09	-0.096
-0.092	-0.097
-0.094	-0.097
-0.097	-0.097
-0.1	-0.096
-0.101	-0.096
-0.103	-0.096
-0.104	-0.096
-0.106	-0.096
-0.107	-0.097
-0.108	-0.096
-0.108	-0.095
-0.108	-0.094
-0.109	-0.092
-0.109	-0.089
-0.108	-0.087
-0.109	-0.086
-0.111	-0.084
-0.112	-0.084
-0.115	-0.084
-0.117	-0.083
-0.119	-0.082
-0.121	-0.083
-0.123	-0.083
-0.126	-0.084
-0.129	-0.084
-0.131	-0.085
-0.134	-0.088
-0.137	-0.091
-0.141	-0.094
-0.145	-0.094
-0.146	-0.096
-0.148	-0.096
-0.149	-0.094
-0.149	-0.094
-0.149	-0.093
-0.149	-0.091
-0.148	-0.089
-0.147	-0.088
-0.145	-0.084
-0.142	-0.082
-0.14	-0.08
-0.138	-0.079
-0.136	-0.079
-0.134	-0.08
-0.134	-0.079
-0.132	-0.078
-0.13	-0.076
-0.129	-0.076
-0.128	-0.077
-0.128	-0.078
-0.128	-0.08
-0.127	-0.082
-0.128	-0.083
-0.129	-0.083
-0.127	-0.084
-0.127	-0.082
-0.124	-0.079
-0.121	-0.079
-0.12	-0.078
-0.12	-0.079
-0.118	-0.077
-0.115	-0.077
-0.113	-0.075
-0.111	-0.075
-0.108	-0.075
-0.106	-0.075
-0.103	-0.074
-0.1	-0.073
-0.097	-0.071
-0.094	-0.07
-0.091	-0.069
-0.089	-0.066
-0.085	-0.066
-0.083	-0.066
-0.081	-0.066
-0.08	-0.065
-0.078	-0.067
-0.076	-0.068
-0.075	-0.069
-0.073	-0.069
-0.071	-0.068
-0.069	-0.069
-0.068	-0.069
-0.067	-0.068
-0.064	-0.068
-0.061	-0.068
-0.059	-0.068
-0.057	-0.067
-0.055	-0.065
-0.052	-0.064
-0.05	-0.062
-0.047	-0.06
-0.044	-0.058
-0.041	-0.053
-0.037	-0.053
-0.035	-0.05
-0.032	-0.05
-0.03	-0.05
-0.028	-0.051
-0.028	-0.051
-0.026	-0.051
-0.024	-0.052
-0.023	-0.052
-0.022	-0.053
-0.022	-0.055
-0.02	-0.057
-0.019	-0.057
-0.018	-0.058
-0.016	-0.058
-0.014	-0.059
-0.011	-0.058
-0.009	-0.058
-0.009	-0.054
-0.007	-0.05
-0.005	-0.049
-0.005	-0.048
-0.001	-0.052
-0.008	-0.051
-0.004	-0.055
-0.006	-0.057
-0.007	-0.059
-0.006	-0.06
-0.006	-0.059
-0.006	-0.06
-0.007	-0.06
-0.007	-0.061
-0.008	-0.063
-0.009	-0.063
-0.01	-0.062
-0.008	-0.064
-0.009	-0.063
-0.008	-0.063
-0.008	-0.064
-0.009	-0.064
-0.009	-0.064
-0.01	-0.064
-0.01	-0.063
-0.009	-0.063
-0.008	-0.064
-0.011	-0.064
-0.01	-0.064
-0.01	-0.064
-0.011	-0.063
-0.01	-0.064
-0.012	-0.062
-0.011	-0.062
-0.012	-0.062
-0.012	-0.062
-0.012	-0.062
-0.011	-0.062
-0.011	-0.061
-0.01	-0.059
-0.009	-0.058
-0.008	-0.057
-0.007	-0.054
-0.006	-0.051
-0.004	-0.051
-0.004	-0.049
-0.003	-0.048
-0.004	-0.047
-0.003	-0.047
-0.003	-0.046
-0.004	-0.045
-0.005	-0.046
-0.007	-0.047
-0.008	-0.048
-0.01	-0.051
-0.013	-0.051
-0.014	-0.052
-0.013	-0.053
-0.013	-0.054
-0.013	-0.056
-0.013	-0.056
-0.012	-0.055
-0.01	-0.054
-0.009	-0.055
-0.009	-0.053
-0.008	-0.053
-0.008	-0.051
-0.008	-0.049
-0.008	-0.048
-0.009	-0.045
-0.009	-0.044
-0.01	-0.043
-0.011	-0.044
-0.015	-0.043
-0.016	-0.045
-0.019	-0.047
-0.021	-0.049
-0.024	-0.05
-0.025	-0.051
-0.026	-0.051
-0.028	-0.05
-0.028	-0.051
-0.031	-0.05
-0.031	-0.051
-0.033	-0.049
-0.033	-0.049
-0.034	-0.046
-0.033	-0.046
-0.033	-0.043
-0.033	-0.042
-0.031	-0.041
-0.031	-0.04
-0.03	-0.041
-0.029	-0.041
-0.028	-0.042
-0.029	-0.044
-0.029	-0.045
-0.03	-0.046
-0.031	-0.046
-0.032	-0.045
-0.034	-0.042
-0.032	-0.04
-0.033	-0.04
-0.033	-0.04
-0.034	-0.04
-0.036	-0.041
-0.039	-0.041
-0.038	-0.043
-0.04	-0.044
-0.041	-0.044
-0.042	-0.043
-0.042	-0.042
-0.043	-0.043
-0.044	-0.043
-0.044	-0.044
-0.045	-0.043
-0.043	-0.045
-0.044	-0.044
-0.042	-0.043
-0.041	-0.041
-0.039	-0.041
-0.039	-0.039
-0.038	-0.038
-0.037	-0.036
-0.037	-0.035
-0.036	-0.033
-0.036	-0.031
-0.036	-0.031
-0.038	-0.031
-0.039	-0.031
-0.04	-0.033
-0.042	-0.033
-0.042	-0.034
-0.042	-0.033
-0.041	-0.031
-0.039	-0.03
-0.038	-0.029
-0.037	-0.029
-0.036	-0.027
-0.035	-0.026
-0.035	-0.023
-0.035	-0.02
-0.032	-0.018
-0.032	-0.014
-0.03	-0.012
-0.029	-0.011
-0.029	-0.01
-0.029	-0.01
-0.028	-0.009
-0.028	-0.009
-0.028	-0.01
-0.028	-0.008
-0.026	-0.006
-0.025	-0.005
-0.024	-0.003
-0.023	-0.002
-0.02	-0.002
-0.021	-0.001
-0.019	0.0
-0.017	0.0
-0.017	0.002
-0.015	0.001
-0.015	0.001
-0.016	0.0
-0.016	-0.001
-0.017	0.0
-0.017	0.001
-0.018	0.003
-0.018	0.003
-0.018	0.004
-0.018	0.001
-0.02	0.001
-0.019	-0.001
-0.02	-0.003
-0.02	-0.006
-0.02	-0.01
-0.019	-0.014
-0.018	-0.019
-0.019	-0.024
-0.018	-0.029
-0.017	-0.031
-0.016	-0.03
-0.012	-0.032
-0.011	-0.031
-0.008	-0.031
-0.005	-0.03
-0.002	-0.031
0.0	-0.035
0.001	-0.039
0.001	-0.042
0.002	-0.047
0.001	-0.049
0.0	-0.053
0.0	-0.055
0.001	-0.056
0.001	-0.058
0.001	-0.06
0.0	-0.061
0.0	-0.061
0.0	-0.063
-0.001	-0.062
-0.001	-0.065
-0.004	-0.065
-0.005	-0.068
-0.007	-0.069
-0.005	-0.069
-0.009	-0.071
-0.008	-0.073
-0.01	-0.076
-0.013	-0.077
-0.014	-0.08
-0.016	-0.081
-0.018	-0.082
-0.02	-0.08
-0.022	-0.078
-0.022	-0.074
-0.022	-0.068
-0.022	-0.064
-0.021	-0.06
-0.022	-0.056
-0.022	-0.053
-0.023	-0.05
-0.024	-0.048
-0.025	-0.047
-0.026	-0.044
-0.027	-0.043
-0.028	-0.042
-0.031	-0.041
-0.033	-0.041
-0.035	-0.039
-0.036	-0.039
-0.039	-0.035
-0.04	-0.035
-0.041	-0.032
-0.041	-0.033
-0.044	-0.032
-0.045	-0.033
-0.046	-0.034
-0.051	-0.036
-0.055	-0.038
-0.06	-0.04
-0.063	-0.042
-0.068	-0.042
-0.071	-0.046
-0.076	-0.047
-0.079	-0.051
-0.083	-0.052
-0.085	-0.05
-0.085	-0.052
-0.088	-0.051
-0.087	-0.051
-0.088	-0.049
-0.087	-0.047
-0.087	-0.046
-0.086	-0.046
-0.087	-0.045
-0.086	-0.044
-0.085	-0.043
-0.084	-0.042
-0.084	-0.04
-0.084	-0.037
-0.083	-0.037
-0.084	-0.037
-0.085	-0.039
-0.087	-0.039
-0.088	-0.041
-0.09	-0.043
-0.091	-0.046
-0.093	-0.048
-0.095	-0.049
-0.095	-0.05
-0.095	-0.051
-0.095	-0.051
-0.095	-0.05
-0.093	-0.05
-0.093	-0.049
-0.091	-0.048
-0.089	-0.046
-0.088	-0.045
-0.089	-0.042
-0.092	-0.04
-0.097	-0.04
-0.107	-0.038
-0.12	-0.038
-0.136	-0.034
-0.155	-0.03
-0.176	-0.027
-0.198	-0.021
-0.219	-0.016
-0.236	-0.01
-0.25	-0.003
-0.261	0.002
-0.269	0.006
-0.274	0.011
-0.277	0.015
-0.275	0.021
-0.266	0.026
-0.25	0.036
-0.225	0.044
-0.191	0.053
-0.145	0.058
-0.088	0.058
-0.021	0.053
0.053	0.044
0.133	0.034
0.217	0.025
0.305	0.015
0.396	-0.005
0.486	-0.028
0.577	-0.058
0.662	-0.092
0.743	-0.131
0.818	-0.163
0.894	-0.192
0.963	-0.211
1.029	-0.225
1.084	-0.228
1.125	-0.224
1.151	-0.217
1.161	-0.207
1.16	-0.196
1.144	-0.182
1.117	-0.168
1.078	-0.155
1.03	-0.148
0.977	-0.143
0.918	-0.143
0.85	-0.145
0.778	-0.149
0.704	-0.154
0.631	-0.162
0.557	-0.172
0.484	-0.179
0.415	-0.187
0.344	-0.195
0.276	-0.203
0.209	-0.212
0.143	-0.221
0.081	-0.228
0.02	-0.235
-0.038	-0.24
-0.094	-0.243
-0.146	-0.244
-0.195	-0.239
-0.241	-0.232
-0.282	-0.22
-0.32	-0.206
-0.354	-0.188
-0.384	-0.169
-0.413	-0.151
-0.438	-0.13
-0.458	-0.111
-0.475	-0.093
-0.491	-0.078
-0.504	-0.061
-0.513	-0.042
-0.521	-0.028
-0.528	-0.017
-0.533	-0.009
-0.539	0.002
-0.542	0.01
-0.545	0.018
-0.546	0.025
-0.544	0.034
-0.542	0.04
-0.54	0.046
-0.536	0.05
-0.532	0.055
-0.528	0.059
-0.522	0.062
-0.517	0.063
-0.514	0.063
-0.511	0.062
-0.506	0.062
-0.502	0.063
-0.498	0.064
-0.493	0.065
-0.488	0.064
-0.483	0.064
-0.478	0.062
-0.473	0.061
-0.468	0.06
-0.462	0.059
-0.456	0.059
-0.449	0.06
-0.441	0.06
-0.434	0.061
-0.428	0.06
-0.42	0.061
-0.412	0.062
-0.404	0.064
-0.395	0.065
-0.387	0.065
-0.379	0.067
-0.37	0.067
-0.362	0.066
-0.355	0.063
-0.348	0.06
-0.342	0.058
-0.336	0.056
-0.33	0.056
-0.323	0.055
-0.317	0.054
-0.312	0.052
-0.306	0.049
-0.301	0.048
-0.292	0.044
-0.293	0.041
-0.285	0.039
-0.28	0.037
-0.274	0.035
-0.268	0.035
-0.262	0.035
-0.255	0.033
-0.25	0.032
-0.245	0.029
-0.239	0.028
-0.234	0.026
-0.229	0.024
-0.223	0.023
-0.219	0.022
-0.213	0.019
-0.209	0.019
-0.202	0.016
-0.198	0.015
-0.193	0.015
-0.188	0.013
-0.184	0.012
-0.179	0.011
-0.176	0.01
-0.171	0.009
-0.164	0.007
-0.16	0.005
-0.153	0.005
-0.148	0.004
-0.141	0.003
-0.135	0.004
-0.127	0.003
-0.12	0.004
-0.113	0.006
-0.106	0.006
-0.1	0.006
-0.095	0.005
-0.091	0.004
-0.088	0.004
-0.085	0.002
-0.084	0.0
-0.083	-0.001
-0.082	-0.003
-0.082	-0.005
-0.082	-0.008
-0.083	-0.01
-0.082	-0.012
-0.081	-0.015
-0.08	-0.018
-0.079	-0.02
-0.078	-0.022
-0.076	-0.024
-0.073	-0.024
-0.071	-0.026
-0.069	-0.026
-0.066	-0.027
-0.064	-0.028
-0.062	-0.027
-0.059	-0.028
-0.056	-0.03
-0.053	-0.029
-0.049	-0.03
-0.046	-0.03
-0.042	-0.029
-0.039	-0.028
-0.036	-0.027
-0.031	-0.027
-0.031	-0.025
-0.028	-0.023
-0.025	-0.02
-0.02	-0.019
-0.018	-0.019
-0.016	-0.019
-0.014	-0.021
-0.011	-0.024
-0.01	-0.028
-0.009	-0.033
-0.008	-0.037
-0.007	-0.04
-0.006	-0.044
-0.005	-0.047
-0.004	-0.049
-0.003	-0.051
-0.002	-0.053
-0.001	-0.054
0.0	-0.056
0.002	-0.057
0.003	-0.056
0.006	-0.056
0.007	-0.056
0.009	-0.057
0.011	-0.057
0.013	-0.056
0.015	-0.054
0.017	-0.051
0.02	-0.051
0.021	-0.048
0.024	-0.048
0.024	-0.048
0.026	-0.049
0.026	-0.05
0.029	-0.053
0.029	-0.056
0.029	-0.058
0.03	-0.06
0.03	-0.061
0.03	-0.062
0.031	-0.063
0.032	-0.064
0.033	-0.064
0.034	-0.064
0.035	-0.064
0.037	-0.063
0.041	-0.063
0.042	-0.062
0.046	-0.062
0.047	-0.061
0.049	-0.058
0.051	-0.055
0.054	-0.054
0.055	-0.051
0.056	-0.05
0.057	-0.047
0.059	-0.044
0.061	-0.044
0.062	-0.044
0.064	-0.044
0.064	-0.044
0.066	-0.045
0.067	-0.047
0.067	-0.048
0.068	-0.05
0.07	-0.051
0.071	-0.05
0.072	-0.051
0.075	-0.051
0.077	-0.049
0.08	-0.048
0.082	-0.046
0.084	-0.045
0.086	-0.044
0.087	-0.043
0.087	-0.041
0.09	-0.043
0.09	-0.043
0.092	-0.046
0.091	-0.046
0.093	-0.047
0.095	-0.047
0.098	-0.048
0.1	-0.049
0.1	-0.049
0.103	-0.049
0.105	-0.047
0.108	-0.048
0.109	-0.047
0.111	-0.046
0.111	-0.046
0.112	-0.047
0.112	-0.046
0.112	-0.047
0.112	-0.047
0.112	-0.048
0.112	-0.048
0.112	-0.048
0.111	-0.048
0.109	-0.049
0.107	-0.051
0.104	-0.051
0.104	-0.053
0.101	-0.053
0.101	-0.055
0.099	-0.055
0.098	-0.055
0.098	-0.055
0.098	-0.056
0.098	-0.056
0.098	-0.055
0.099	-0.056
0.098	-0.057
0.099	-0.058
0.097	-0.06
0.095	-0.063
0.093	-0.065
0.091	-0.066
0.088	-0.066
0.087	-0.064
0.085	-0.063
0.083	-0.062
0.08	-0.061
0.078	-0.063
0.074	-0.065
0.069	-0.068
0.065	-0.074
0.06	-0.078
0.057	-0.081
0.055	-0.084
0.051	-0.086
0.048	-0.087
0.044	-0.088
0.04	-0.086
0.039	-0.085
0.03	-0.084
0.028	-0.084
0.023	-0.084
0.018	-0.086
0.011	-0.088
0.005	-0.09
-0.002	-0.091
-0.008	-0.093
-0.014	-0.094
-0.019	-0.097
-0.024	-0.098
-0.028	-0.101
-0.033	-0.102
-0.037	-0.104
-0.041	-0.105
-0.045	-0.105
-0.048	-0.107
-0.052	-0.107
-0.054	-0.107
-0.058	-0.106
-0.059	-0.106
-0.061	-0.106
-0.063	-0.106
-0.066	-0.107
-0.068	-0.107
-0.07	-0.109
-0.073	-0.108
-0.075	-0.108
-0.077	-0.108
-0.079	-0.107
-0.082	-0.106
-0.084	-0.106
-0.086	-0.105
-0.089	-0.105
-0.092	-0.105
-0.094	-0.106
-0.098	-0.106
-0.1	-0.105
-0.102	-0.105
-0.104	-0.107
-0.108	-0.106
-0.109	-0.107
-0.112	-0.107
-0.114	-0.105
-0.114	-0.103
-0.114	-0.101
-0.115	-0.1
-0.114	-0.098
-0.114	-0.097
-0.115	-0.096
-0.116	-0.095
-0.116	-0.095
-0.117	-0.094
-0.117	-0.094
-0.118	-0.093
-0.119	-0.093
-0.12	-0.094
-0.122	-0.093
-0.122	-0.093
-0.123	-0.092
-0.122	-0.093
-0.122	-0.091
-0.121	-0.089
-0.119	-0.087
-0.118	-0.085
-0.116	-0.082
-0.114	-0.081
-0.112	-0.08
-0.111	-0.079
-0.11	-0.078
-0.11	-0.079
-0.111	-0.078
-0.111	-0.077
-0.11	-0.076
-0.109	-0.074
-0.109	-0.072
-0.107	-0.07
-0.107	-0.068
-0.104	-0.066
-0.103	-0.065
-0.102	-0.063
-0.1	-0.061
-0.099	-0.058
-0.098	-0.055
-0.096	-0.052
-0.094	-0.05
-0.093	-0.05
-0.092	-0.051
-0.095	-0.052
-0.095	-0.053
-0.096	-0.054
-0.097	-0.055
-0.097	-0.055
-0.097	-0.054
-0.098	-0.054
-0.097	-0.056
-0.098	-0.056
-0.098	-0.058
-0.098	-0.056
-0.097	-0.056
-0.096	-0.055
-0.094	-0.054
-0.093	-0.054
-0.092	-0.051
-0.088	-0.049
-0.086	-0.045
-0.083	-0.043
-0.08	-0.041
-0.077	-0.04
-0.073	-0.039
-0.071	-0.041
-0.069	-0.043
-0.069	-0.045
-0.068	-0.047
-0.068	-0.048
-0.067	-0.048
-0.065	-0.048
-0.063	-0.05
-0.062	-0.05
-0.061	-0.051
-0.06	-0.051
-0.058	-0.05
-0.055	-0.051
-0.053	-0.05
-0.051	-0.051
-0.049	-0.05
-0.046	-0.049
-0.045	-0.048
-0.043	-0.048
-0.041	-0.047
-0.04	-0.047
-0.039	-0.046
-0.037	-0.046
-0.036	-0.046
-0.036	-0.048
-0.035	-0.048
-0.035	-0.05
-0.036	-0.051
-0.035	-0.052
-0.034	-0.052
-0.034	-0.052
-0.031	-0.052
-0.029	-0.052
-0.027	-0.052
-0.026	-0.051
-0.024	-0.05
-0.022	-0.051
-0.021	-0.051
-0.021	-0.05
-0.018	-0.048
-0.015	-0.046
-0.013	-0.046
-0.012	-0.046
-0.012	-0.048
-0.013	-0.049
-0.014	-0.049
-0.016	-0.049
-0.016	-0.049
-0.017	-0.05
-0.018	-0.049
-0.018	-0.049
-0.018	-0.05
-0.019	-0.05
-0.02	-0.05
-0.019	-0.048
-0.018	-0.048
-0.019	-0.048
-0.017	-0.046
-0.018	-0.044
-0.016	-0.041
-0.014	-0.04
-0.015	-0.038
-0.013	-0.039
-0.012	-0.04
-0.011	-0.041
-0.01	-0.043
-0.01	-0.046
-0.009	-0.046
-0.007	-0.047
-0.007	-0.045
-0.005	-0.045
-0.005	-0.043
-0.004	-0.041
-0.005	-0.041
-0.007	-0.04
-0.009	-0.04
-0.011	-0.042
-0.013	-0.044
-0.015	-0.045
-0.016	-0.046
-0.018	-0.047
-0.02	-0.048
-0.021	-0.048
-0.021	-0.049
-0.024	-0.05
-0.024	-0.051
-0.025	-0.053
-0.026	-0.056
-0.028	-0.058
-0.029	-0.056
-0.025	-0.058
-0.029	-0.058
-0.028	-0.057
-0.029	-0.057
-0.03	-0.054
-0.03	-0.052
-0.031	-0.049
-0.03	-0.047
-0.032	-0.046
-0.031	-0.045
-0.03	-0.046
-0.032	-0.046
-0.032	-0.046
-0.033	-0.045
-0.032	-0.046
-0.034	-0.046
-0.034	-0.045
-0.034	-0.045
-0.034	-0.045
-0.035	-0.044
-0.034	-0.045
-0.034	-0.046
-0.033	-0.046
-0.031	-0.046
-0.031	-0.046
-0.029	-0.047
-0.028	-0.047
-0.026	-0.047
-0.025	-0.047
-0.025	-0.045
-0.024	-0.046
-0.025	-0.046
-0.025	-0.044
-0.025	-0.043
-0.025	-0.043
-0.026	-0.043
-0.027	-0.044
-0.027	-0.045
-0.027	-0.046
-0.028	-0.046
-0.028	-0.047
-0.028	-0.047
-0.028	-0.046
-0.028	-0.045
-0.028	-0.044
-0.029	-0.042
-0.029	-0.043
-0.031	-0.042
-0.033	-0.042
-0.035	-0.043
-0.037	-0.042
-0.038	-0.044
-0.038	-0.042
-0.038	-0.043
-0.039	-0.042
-0.038	-0.042
-0.038	-0.042
-0.038	-0.041
-0.038	-0.04
-0.038	-0.04
-0.037	-0.038
-0.036	-0.037
-0.034	-0.038
-0.034	-0.039
-0.034	-0.038
-0.033	-0.038
-0.033	-0.037
-0.031	-0.036
-0.031	-0.035
-0.03	-0.032
-0.028	-0.029
-0.027	-0.027
-0.026	-0.025
-0.024	-0.024
-0.024	-0.024
-0.023	-0.024
-0.022	-0.027
-0.024	-0.029
-0.023	-0.03
-0.023	-0.03
-0.023	-0.03
-0.023	-0.028
-0.021	-0.027
-0.02	-0.025
-0.019	-0.024
-0.017	-0.023
-0.017	-0.023
-0.015	-0.023
-0.016	-0.023
-0.014	-0.024
-0.014	-0.023
-0.013	-0.024
-0.013	-0.021
-0.009	-0.018
-0.006	-0.016
-0.003	-0.014
0.0	-0.012
0.0	-0.011
0.003	-0.008
0.003	-0.008
0.003	-0.008
0.001	-0.009
-0.001	-0.007
-0.003	-0.009
-0.006	-0.008
-0.008	-0.008
-0.01	-0.007
-0.01	-0.008
-0.012	-0.008
-0.013	-0.008
-0.012	-0.007
-0.011	-0.007
-0.01	-0.008
-0.011	-0.012
-0.012	-0.013
-0.011	-0.017
-0.01	-0.023
-0.011	-0.026
-0.009	-0.031
-0.009	-0.035
-0.008	-0.037
-0.008	-0.038
-0.006	-0.04
-0.005	-0.041
-0.005	-0.042
-0.003	-0.043
-0.001	-0.047
-0.002	-0.05
-0.001	-0.053
-0.002	-0.054
-0.001	-0.056
-0.002	-0.057
-0.001	-0.057
-0.001	-0.058
0.0	-0.059
0.0	-0.062
0.0	-0.059
0.0	-0.062
0.0	-0.06
-0.001	-0.061
-0.002	-0.062
-0.003	-0.062
-0.004	-0.064
-0.007	-0.066
-0.009	-0.067
-0.011	-0.069
-0.013	-0.071
-0.014	-0.074
-0.016	-0.077
-0.019	-0.078
-0.019	-0.078
-0.019	-0.075
-0.018	-0.072
-0.019	-0.069
-0.02	-0.067
-0.021	-0.065
-0.023	-0.062
-0.023	-0.06
-0.025	-0.058
-0.025	-0.059
-0.028	-0.058
-0.03	-0.056
-0.032	-0.055
-0.034	-0.054
-0.038	-0.051
-0.04	-0.047
-0.042	-0.044
-0.044	-0.041
-0.046	-0.039
-0.048	-0.038
-0.05	-0.038
-0.054	-0.037
-0.056	-0.036
-0.058	-0.036
-0.061	-0.035
-0.062	-0.036
-0.064	-0.036
-0.066	-0.038
-0.069	-0.04
-0.072	-0.044
-0.074	-0.046
-0.074	-0.047
-0.073	-0.048
-0.074	-0.049
-0.076	-0.049
-0.078	-0.047
-0.078	-0.046
-0.081	-0.045
-0.083	-0.044
-0.085	-0.044
-0.086	-0.046
-0.09	-0.047
-0.091	-0.049
-0.093	-0.049
-0.095	-0.05
-0.096	-0.05
-0.097	-0.048
-0.097	-0.048
-0.098	-0.047
-0.097	-0.047
-0.098	-0.047
-0.094	-0.048
-0.1	-0.049
-0.098	-0.05
-0.1	-0.048
-0.098	-0.047
-0.097	-0.046
-0.096	-0.046
-0.095	-0.045
-0.095	-0.044
-0.093	-0.043
-0.092	-0.041
-0.09	-0.04
-0.088	-0.038
-0.087	-0.037
-0.085	-0.037
-0.086	-0.035
-0.085	-0.034
-0.085	-0.035
-0.087	-0.035
-0.09	-0.034
-0.096	-0.033
-0.105	-0.032
-0.118	-0.031
-0.134	-0.029
-0.153	-0.029
-0.175	-0.026
-0.197	-0.021
-0.216	-0.016
-0.233	-0.009
-0.246	-0.003
-0.257	0.003
-0.266	0.008
-0.272	0.012
-0.278	0.019
-0.275	0.024
-0.268	0.032
-0.253	0.04
-0.229	0.048
-0.195	0.057
-0.151	0.063
-0.095	0.061
-0.03	0.056
0.044	0.043
0.121	0.03
0.201	0.016
0.284	-0.002
0.368	-0.025
0.455	-0.051
0.54	-0.084
0.619	-0.12
0.692	-0.158
0.762	-0.192
0.83	-0.219
0.896	-0.24
0.958	-0.248
1.008	-0.248
1.049	-0.242
1.077	-0.228
1.093	-0.212
1.096	-0.192
1.089	-0.173
1.067	-0.155
1.034	-0.144
0.991	-0.134
0.944	-0.131
0.891	-0.13
0.83	-0.13
0.765	-0.133
0.698	-0.137
0.629	-0.143
0.561	-0.151
0.493	-0.157
0.425	-0.163
0.36	-0.171
0.292	-0.181
0.225	-0.19
0.161	-0.199
0.098	-0.207
0.039	-0.216
-0.018	-0.222
-0.073	-0.228
-0.127	-0.233
-0.176	-0.229
-0.22	-0.221
-0.262	-0.209
-0.301	-0.194
-0.336	-0.176
-0.368	-0.16
-0.398	-0.141
-0.423	-0.124
-0.446	-0.107
-0.466	-0.092
-0.482	-0.076
-0.495	-0.06
-0.505	-0.046
-0.512	-0.028
-0.517	-0.016
-0.522	-0.004
-0.524	0.006
-0.526	0.016
-0.527	0.025
-0.526	0.035
-0.525	0.042
-0.523	0.048
-0.521	0.055
-0.518	0.062
-0.515	0.067
-0.511	0.07
-0.507	0.074
-0.503	0.077
-0.498	0.079
-0.493	0.081
-0.489	0.081
-0.483	0.082
-0.477	0.083
-0.471	0.082
-0.466	0.083
-0.461	0.084
-0.455	0.085
-0.449	0.087
-0.442	0.087
-0.437	0.086
-0.432	0.085
-0.427	0.085
-0.421	0.082
-0.415	0.081
-0.41	0.079
-0.405	0.076
-0.399	0.074
-0.394	0.072
-0.387	0.071
-0.381	0.068
-0.375	0.066
-0.369	0.065
-0.362	0.065
-0.354	0.066
-0.346	0.069
-0.337	0.072
-0.329	0.074
-0.321	0.075
-0.313	0.074
-0.305	0.071
-0.299	0.067
-0.293	0.061
-0.287	0.055
-0.283	0.049
-0.278	0.044
-0.274	0.04
-0.269	0.037
-0.264	0.035
-0.259	0.034
-0.254	0.034
-0.248	0.033
-0.244	0.034
-0.239	0.032
-0.235	0.031
-0.23	0.029
-0.226	0.026
-0.22	0.024
-0.216	0.023
-0.21	0.021
-0.205	0.021
-0.2	0.02
-0.193	0.02
-0.188	0.018
-0.183	0.016
-0.178	0.016
-0.174	0.015
-0.17	0.015
-0.166	0.014
-0.162	0.015
-0.158	0.016
-0.153	0.015
-0.15	0.014
-0.146	0.012
-0.143	0.01
-0.141	0.009
-0.138	0.008
-0.136	0.007
-0.133	0.006
-0.13	0.006
-0.126	0.005
-0.123	0.004
-0.12	0.003
-0.118	0.001
-0.116	0.0
-0.113	-0.002
-0.11	-0.003
-0.107	-0.004
-0.103	-0.004
-0.099	-0.007
-0.098	-0.008
-0.094	-0.01
-0.092	-0.009
-0.087	-0.011
-0.084	-0.012
-0.08	-0.014
-0.077	-0.017
-0.074	-0.019
-0.07	-0.02
-0.066	-0.021
-0.06	-0.023
-0.061	-0.021
-0.056	-0.022
-0.053	-0.021
-0.049	-0.023
-0.047	-0.022
-0.043	-0.023
-0.04	-0.026
-0.038	-0.028
-0.035	-0.03
-0.033	-0.032
-0.03	-0.034
-0.027	-0.035
-0.023	-0.036
-0.021	-0.036
-0.017	-0.036
-0.013	-0.032
-0.01	-0.031
-0.005	-0.031
-0.004	-0.03
0.0	-0.033
-0.001	-0.035
0.0	-0.039
0.001	-0.039
0.003	-0.042
0.003	-0.046
0.004	-0.049
0.005	-0.052
0.005	-0.053
0.007	-0.052
0.009	-0.05
0.011	-0.048
0.013	-0.047
0.015	-0.046
0.016	-0.047
0.017	-0.048
0.017	-0.05
0.017	-0.05
0.019	-0.049
0.02	-0.048
0.022	-0.047
0.023	-0.046
0.025	-0.044
0.027	-0.042
0.029	-0.043
0.029	-0.043
0.031	-0.046
0.03	-0.048
0.033	-0.051
0.033	-0.053
0.033	-0.055
0.035	-0.056
0.035	-0.057
0.036	-0.058
0.037	-0.057
0.038	-0.058
0.038	-0.059
0.039	-0.061
0.039	-0.06
0.041	-0.061
0.041	-0.061
0.041	-0.06
0.042	-0.061
0.042	-0.063
0.043	-0.063
0.043	-0.061
0.044	-0.061
0.045	-0.06
0.047	-0.061
0.047	-0.061
0.049	-0.062
0.05	-0.062
0.053	-0.063
0.057	-0.064
0.059	-0.064
0.061	-0.064
0.063	-0.063
0.067	-0.063
0.07	-0.063
0.072	-0.062
0.075	-0.062
0.078	-0.062
0.079	-0.063
0.082	-0.063
0.084	-0.062
0.086	-0.061
0.09	-0.062
0.091	-0.061
0.096	-0.063
0.097	-0.061
0.1	-0.062
0.101	-0.06
0.102	-0.061
0.101	-0.061
0.103	-0.061
0.104	-0.06
0.104	-0.058
0.104	-0.057
0.106	-0.056
0.105	-0.055
0.105	-0.053
0.107	-0.053
0.107	-0.054
0.108	-0.057
0.109	-0.059
0.108	-0.06
0.109	-0.062
0.11	-0.063
0.112	-0.062
0.113	-0.061
0.114	-0.06
0.115	-0.06
0.116	-0.06
0.117	-0.06
0.116	-0.058
0.117	-0.057
0.116	-0.054
0.118	-0.052
0.117	-0.049
0.117	-0.048
0.117	-0.046
0.117	-0.046
0.118	-0.046
0.117	-0.049
0.114	-0.049
0.113	-0.052
0.11	-0.052
0.106	-0.053
0.103	-0.056
0.098	-0.057
0.095	-0.06
0.09	-0.061
0.087	-0.062
0.085	-0.063
0.083	-0.065
0.081	-0.067
0.079	-0.069
0.075	-0.068
0.072	-0.066
0.069	-0.068
0.065	-0.07
0.059	-0.071
0.055	-0.073
0.05	-0.075
0.045	-0.077
0.04	-0.08
0.035	-0.081
0.031	-0.084
0.025	-0.087
0.019	-0.089
0.012	-0.091
0.007	-0.093
0.001	-0.094
-0.003	-0.092
-0.007	-0.092
-0.011	-0.093
-0.015	-0.095
-0.019	-0.098
-0.024	-0.101
-0.028	-0.105
-0.033	-0.107
-0.037	-0.107
-0.041	-0.107
-0.046	-0.108
-0.049	-0.108
-0.054	-0.106
-0.058	-0.103
-0.06	-0.103
-0.065	-0.101
-0.068	-0.1
-0.071	-0.1
-0.075	-0.1
-0.078	-0.101
-0.081	-0.103
-0.085	-0.105
-0.09	-0.108
-0.095	-0.112
-0.1	-0.115
-0.104	-0.118
-0.108	-0.12
-0.11	-0.12
-0.113	-0.121
-0.116	-0.121
-0.118	-0.121
-0.121	-0.121
-0.125	-0.12
-0.128	-0.119
-0.13	-0.116
-0.131	-0.116
-0.132	-0.115
-0.133	-0.115
-0.134	-0.115
-0.134	-0.114
-0.133	-0.111
-0.132	-0.111
-0.132	-0.109
-0.13	-0.107
-0.131	-0.103
-0.129	-0.101
-0.128	-0.099
-0.128	-0.096
-0.124	-0.095
-0.128	-0.094
-0.127	-0.093
-0.126	-0.092
-0.126	-0.09
-0.124	-0.089
-0.122	-0.089
-0.12	-0.088
-0.119	-0.086
-0.118	-0.086
-0.116	-0.085
-0.115	-0.084
-0.114	-0.084
-0.113	-0.084
-0.112	-0.086
-0.112	-0.088
-0.111	-0.089
-0.11	-0.088
-0.11	-0.087
-0.109	-0.086
-0.108	-0.085
-0.108	-0.084
-0.107	-0.082
-0.105	-0.08
-0.104	-0.08
-0.104	-0.078
-0.103	-0.078
-0.103	-0.077
-0.102	-0.078
-0.101	-0.079
-0.1	-0.08
-0.1	-0.082
-0.099	-0.082
-0.098	-0.081
-0.095	-0.08
-0.093	-0.078
-0.091	-0.077
-0.089	-0.076
-0.088	-0.076
-0.087	-0.074
-0.085	-0.073
-0.083	-0.072
-0.081	-0.073
-0.081	-0.072
-0.08	-0.069
-0.077	-0.066
-0.075	-0.061
-0.073	-0.059
-0.071	-0.057
-0.069	-0.054
-0.067	-0.051
-0.064	-0.048
-0.063	-0.046
-0.061	-0.044
-0.057	-0.04
-0.052	-0.04
-0.05	-0.039
-0.048	-0.036
-0.043	-0.037
-0.04	-0.036
-0.038	-0.035
-0.036	-0.034
-0.036	-0.032
-0.035	-0.031
-0.033	-0.031
-0.032	-0.03
-0.031	-0.03
-0.031	-0.032
-0.033	-0.033
-0.034	-0.035
-0.034	-0.035
-0.033	-0.037
-0.033	-0.037
-0.033	-0.039
-0.034	-0.039
-0.034	-0.038
-0.034	-0.037
-0.032	-0.038
-0.032	-0.039
-0.031	-0.04
-0.031	-0.042
-0.03	-0.042
-0.029	-0.044
-0.029	-0.046
-0.03	-0.046
-0.029	-0.047
-0.029	-0.049
-0.029	-0.05
-0.028	-0.05
-0.026	-0.051
-0.025	-0.052
-0.024	-0.053
-0.023	-0.053
-0.022	-0.053
-0.02	-0.053
-0.018	-0.053
-0.017	-0.051
-0.014	-0.05
-0.012	-0.049
-0.01	-0.049
-0.009	-0.048
-0.009	-0.046
-0.008	-0.044
-0.007	-0.045
-0.008	-0.044
-0.009	-0.043
-0.009	-0.043
-0.009	-0.04
-0.008	-0.04
-0.007	-0.041
-0.008	-0.041
-0.007	-0.041
-0.008	-0.041
-0.008	-0.04
-0.008	-0.041
-0.009	-0.042
-0.01	-0.043
-0.009	-0.044
-0.009	-0.043
-0.007	-0.044
-0.006	-0.045
-0.006	-0.045
-0.005	-0.044
-0.005	-0.043
-0.006	-0.039
-0.004	-0.038
-0.005	-0.037
-0.005	-0.035
-0.003	-0.031
0.0	-0.028
0.003	-0.029
0.005	-0.026
0.008	-0.027
0.007	-0.028
0.008	-0.027
0.008	-0.028
0.005	-0.029
0.003	-0.029
0.0	-0.028
-0.004	-0.026
-0.007	-0.026
-0.009	-0.028
-0.013	-0.029
-0.016	-0.031
-0.02	-0.034
-0.024	-0.035
-0.025	-0.039
-0.028	-0.041
-0.031	-0.043
-0.032	-0.044
-0.032	-0.044
-0.032	-0.043
-0.032	-0.044
-0.032	-0.044
-0.032	-0.043
-0.032	-0.044
-0.034	-0.044
-0.034	-0.045
-0.035	-0.044
-0.035	-0.044
-0.035	-0.042
-0.034	-0.043
-0.034	-0.042
-0.033	-0.044
-0.034	-0.045
-0.034	-0.043
-0.032	-0.041
-0.031	-0.038
-0.031	-0.037
-0.03	-0.035
-0.03	-0.034
-0.03	-0.032
-0.032	-0.031
-0.034	-0.03
-0.034	-0.03
-0.036	-0.028
-0.037	-0.027
-0.037	-0.025
-0.036	-0.024
-0.034	-0.025
-0.035	-0.025
-0.033	-0.026
-0.032	-0.024
-0.029	-0.025
